55.944825, -3.190113, WSW, 55.944710, -3.190390, 78.1, 331.45
55.944710, -3.190390, S, 55.944410, -3.190390, 78.1, 330.20
55.944410, -3.190390, S, 55.944110, -3.190390, 84.4, 332.48
55.944110, -3.190390, WNW, 55.944225, -3.190667, 84.4, 331.23
55.944225, -3.190667, WNW, 55.944340, -3.190944, 84.4, 329.98
55.944340, -3.190944, WNW, 55.944454, -3.191221, 183.2, 421.03
55.944454, -3.191221, WNW, 55.944569, -3.191498, 183.2, 419.78
55.944569, -3.191498, WNW, 55.944684, -3.191775, 248.8, 440.52
55.944684, -3.191775, W, 55.944684, -3.192075, 248.8, 439.27
55.944684, -3.192075, WSW, 55.944569, -3.192353, 333.8, 476.56
55.944569, -3.192353, ESE, 55.944454, -3.192075, 333.8, 475.31
55.944454, -3.192075, WNW, 55.944569, -3.192353, 333.8, 474.06
55.944569, -3.192353, N, 55.944869, -3.192353, 333.8, 472.81
55.944869, -3.192353, NNE, 55.945146, -3.192238, 366.3, 586.71
55.945146, -3.192238, NE, 55.945358, -3.192026, 366.3, 585.46
55.945358, -3.192026, NE, 55.945571, -3.191814, 448.6, 622.00
55.945571, -3.191814, ESE, 55.945456, -3.191536, 448.6, 620.75
55.945456, -3.191536, ESE, 55.945341, -3.191259, 518.4, 639.54
55.945341, -3.191259, ENE, 55.945456, -3.190982, 518.4, 638.29
55.945456, -3.190982, ENE, 55.945571, -3.190705, 518.4, 637.04
55.945571, -3.190705, E, 55.945571, -3.190405, 518.4, 635.79
55.945571, -3.190405, SE, 55.945358, -3.190193, 518.4, 634.54
55.945358, -3.190193, E, 55.945358, -3.189893, 518.4, 633.29
55.945358, -3.189893, NE, 55.945571, -3.189681, 518.4, 632.04
55.945571, -3.189681, NE, 55.945783, -3.189469, 582.1, 745.98
55.945783, -3.189469, SE, 55.945571, -3.189256, 648.3, 850.36
55.945571, -3.189256, NE, 55.945783, -3.189044, 648.3, 849.11
55.945783, -3.189044, NE, 55.945995, -3.188832, 753.7, 863.74
55.945995, -3.188832, SE, 55.945783, -3.188620, 753.7, 862.49
55.945783, -3.188620, S, 55.945483, -3.188620, 753.7, 861.24
55.945483, -3.188620, SSE, 55.945206, -3.188505, 753.7, 859.99
55.945206, -3.188505, ESE, 55.945091, -3.188228, 753.7, 858.74
55.945091, -3.188228, SE, 55.944879, -3.188016, 801.4, 974.01
55.944879, -3.188016, S, 55.944579, -3.188016, 822.2, 976.28
55.944579, -3.188016, SSW, 55.944301, -3.188131, 939.3, 997.22
55.944301, -3.188131, SE, 55.944089, -3.187919, 939.3, 995.97
55.944089, -3.187919, ESE, 55.943975, -3.187641, 939.3, 994.72
55.943975, -3.187641, SE, 55.943762, -3.187429, 994.8, 1001.38
55.943762, -3.187429, SW, 55.943550, -3.187641, 994.8, 1000.13
55.943550, -3.187641, WSW, 55.943435, -3.187919, 994.8, 998.88
55.943435, -3.187919, SW, 55.943223, -3.188131, 1109.6, 1046.00
55.943223, -3.188131, WSW, 55.943109, -3.188408, 1126.0, 1105.27
55.943109, -3.188408, W, 55.943109, -3.188708, 1126.0, 1104.02
55.943109, -3.188708, W, 55.943109, -3.189008, 1126.0, 1102.77
55.943109, -3.189008, WSW, 55.942994, -3.189285, 1126.0, 1101.52
55.942994, -3.189285, W, 55.942994, -3.189585, 1242.0, 1135.22
55.942994, -3.189585, WSW, 55.942879, -3.189862, 1242.0, 1133.97
55.942879, -3.189862, W, 55.942879, -3.190162, 1242.0, 1132.72
55.942879, -3.190162, WSW, 55.942764, -3.190439, 1242.0, 1131.47
55.942764, -3.190439, W, 55.942764, -3.190739, 1242.0, 1130.22
55.942764, -3.190739, WSW, 55.942649, -3.191017, 1283.4, 1142.80
55.942649, -3.191017, WNW, 55.942764, -3.191294, 1275.7, 1083.83
55.942764, -3.191294, W, 55.942764, -3.191594, 1301.0, 1147.68
55.942764, -3.191594, ENE, 55.942879, -3.191317, 1301.0, 1146.43
55.942879, -3.191317, ENE, 55.942994, -3.191039, 1301.0, 1145.18
55.942994, -3.191039, ENE, 55.943109, -3.190762, 1301.0, 1143.93
55.943109, -3.190762, ENE, 55.943223, -3.190485, 1301.0, 1142.68
55.943223, -3.190485, ESE, 55.943109, -3.190208, 1301.0, 1141.43
55.943109, -3.190208, ENE, 55.943223, -3.189931, 1301.0, 1140.18
55.943223, -3.189931, NE, 55.943435, -3.189719, 1301.0, 1138.93
55.943435, -3.189719, E, 55.943435, -3.189419, 1301.0, 1137.68
55.943435, -3.189419, NE, 55.943648, -3.189206, 1301.0, 1136.43
55.943648, -3.189206, NE, 55.943860, -3.188994, 1301.0, 1135.18
55.943860, -3.188994, NE, 55.944072, -3.188782, 1301.0, 1133.93
55.944072, -3.188782, NE, 55.944284, -3.188570, 1301.0, 1132.68
55.944284, -3.188570, ENE, 55.944399, -3.188293, 1301.0, 1131.43
55.944399, -3.188293, NE, 55.944611, -3.188081, 1301.0, 1130.18
55.944611, -3.188081, ENE, 55.944726, -3.187804, 1301.0, 1128.93
55.944726, -3.187804, NE, 55.944938, -3.187591, 1301.0, 1127.68
55.944938, -3.187591, ENE, 55.945053, -3.187314, 1301.0, 1126.43
55.945053, -3.187314, NE, 55.945265, -3.187102, 1310.6, 1221.72
55.945265, -3.187102, NE, 55.945477, -3.186890, 1310.6, 1220.47
55.945477, -3.186890, ENE, 55.945592, -3.186613, 1310.6, 1219.22
55.945592, -3.186613, NE, 55.945804, -3.186401, 1310.6, 1217.97
55.945804, -3.186401, ENE, 55.945919, -3.186124, 1310.6, 1216.72
55.945919, -3.186124, NE, 55.946131, -3.185911, 1325.0, 1327.14
55.946131, -3.185911, SE, 55.945919, -3.185699, 1325.0, 1325.89
55.945919, -3.185699, SE, 55.945707, -3.185487, 1325.0, 1324.64
55.945707, -3.185487, ESE, 55.945592, -3.185210, 1386.3, 1407.78
55.945592, -3.185210, NE, 55.945804, -3.184998, 1405.4, 1411.79
55.945804, -3.184998, SSE, 55.945527, -3.184883, 1405.4, 1410.54
55.945527, -3.184883, SSE, 55.945250, -3.184768, 1405.4, 1409.29
55.945250, -3.184768, SSE, 55.944972, -3.184653, 1507.2, 1475.46
55.944972, -3.184653, SW, 55.944760, -3.184866, 1507.2, 1474.21
55.944760, -3.184866, SSW, 55.944483, -3.184980, 1544.2, 1595.35
55.944483, -3.184980, SSW, 55.944206, -3.185095, 1544.2, 1594.10
55.944206, -3.185095, SSW, 55.943929, -3.185210, 1544.2, 1592.85
55.943929, -3.185210, SW, 55.943717, -3.185422, 1544.2, 1591.60
55.943717, -3.185422, SSW, 55.943439, -3.185537, 1595.7, 1641.59
55.943439, -3.185537, WSW, 55.943325, -3.185814, 1693.7, 1699.25
55.943325, -3.185814, SE, 55.943112, -3.185602, 1810.1, 1718.44
55.943112, -3.185602, E, 55.943112, -3.185302, 1847.3, 1829.58
55.943112, -3.185302, E, 55.943112, -3.185002, 1847.3, 1828.33
55.943112, -3.185002, E, 55.943112, -3.184702, 1847.3, 1827.08
55.943112, -3.184702, ENE, 55.943227, -3.184425, 1860.0, 1846.18
55.943227, -3.184425, S, 55.942927, -3.184425, 1860.0, 1844.93
55.942927, -3.184425, W, 55.942927, -3.184725, 1860.0, 1843.68
55.942927, -3.184725, W, 55.942927, -3.185025, 1860.0, 1842.43
55.942927, -3.185025, W, 55.942927, -3.185325, 1860.0, 1841.18
55.942927, -3.185325, W, 55.942927, -3.185625, 1860.0, 1839.93
55.942927, -3.185625, W, 55.942927, -3.185925, 1860.0, 1838.68
55.942927, -3.185925, W, 55.942927, -3.186225, 1860.0, 1837.43
55.942927, -3.186225, W, 55.942927, -3.186525, 1860.0, 1836.18
55.942927, -3.186525, WNW, 55.943042, -3.186802, 1860.0, 1834.93
55.943042, -3.186802, W, 55.943042, -3.187102, 1860.0, 1833.68
55.943042, -3.187102, W, 55.943042, -3.187402, 1860.0, 1832.43
55.943042, -3.187402, W, 55.943042, -3.187702, 1860.0, 1831.18
55.943042, -3.187702, NNW, 55.943319, -3.187817, 1860.0, 1829.93
55.943319, -3.187817, W, 55.943319, -3.188117, 1860.0, 1828.68
55.943319, -3.188117, W, 55.943319, -3.188417, 1860.0, 1827.43
55.943319, -3.188417, W, 55.943319, -3.188717, 1860.0, 1826.18
55.943319, -3.188717, W, 55.943319, -3.189017, 1860.0, 1824.93
55.943319, -3.189017, W, 55.943319, -3.189317, 1860.0, 1823.68
55.943319, -3.189317, W, 55.943319, -3.189617, 1860.0, 1822.43
55.943319, -3.189617, WSW, 55.943204, -3.189894, 1860.0, 1821.18
55.943204, -3.189894, S, 55.942904, -3.189894, 1860.0, 1819.93
55.942904, -3.189894, W, 55.942904, -3.190194, 1860.0, 1818.68
55.942904, -3.190194, W, 55.942904, -3.190494, 1860.0, 1817.43
55.942904, -3.190494, W, 55.942904, -3.190794, 1860.0, 1816.18
55.942904, -3.190794, W, 55.942904, -3.191094, 1860.0, 1814.93
55.942904, -3.191094, W, 55.942904, -3.191394, 1860.0, 1813.68
55.942904, -3.191394, W, 55.942904, -3.191694, 1953.3, 1908.44
55.942904, -3.191694, NNW, 55.943182, -3.191809, 1953.3, 1907.19
55.943182, -3.191809, NNW, 55.943459, -3.191924, 1953.3, 1905.94
55.943459, -3.191924, NNW, 55.943736, -3.192038, 1953.3, 1904.69
55.943736, -3.192038, NNW, 55.944013, -3.192153, 1953.3, 1903.44
55.944013, -3.192153, NNW, 55.944290, -3.192268, 1953.3, 1902.19
55.944290, -3.192268, NNW, 55.944567, -3.192383, 1953.3, 1900.94
55.944567, -3.192383, E, 55.944567, -3.192083, 1953.3, 1899.69
55.944567, -3.192083, W, 55.944567, -3.192383, 1953.3, 1898.44
55.944567, -3.192383, E, 55.944567, -3.192083, 1953.3, 1897.19
55.944567, -3.192083, W, 55.944567, -3.192383, 1953.3, 1895.94
55.944567, -3.192383, E, 55.944567, -3.192083, 1953.3, 1894.69
55.944567, -3.192083, W, 55.944567, -3.192383, 1953.3, 1893.44
55.944567, -3.192383, E, 55.944567, -3.192083, 1953.3, 1892.19
55.944567, -3.192083, W, 55.944567, -3.192383, 1953.3, 1890.94
55.944567, -3.192383, E, 55.944567, -3.192083, 1953.3, 1889.69
55.944567, -3.192083, W, 55.944567, -3.192383, 1953.3, 1888.44
55.944567, -3.192383, E, 55.944567, -3.192083, 1953.3, 1887.19
55.944567, -3.192083, W, 55.944567, -3.192383, 1953.3, 1885.94
55.944567, -3.192383, E, 55.944567, -3.192083, 1953.3, 1884.69
55.944567, -3.192083, W, 55.944567, -3.192383, 1953.3, 1883.44
55.944567, -3.192383, E, 55.944567, -3.192083, 1953.3, 1882.19
55.944567, -3.192083, W, 55.944567, -3.192383, 1953.3, 1880.94
55.944567, -3.192383, E, 55.944567, -3.192083, 1953.3, 1879.69
55.944567, -3.192083, W, 55.944567, -3.192383, 1953.3, 1878.44
55.944567, -3.192383, E, 55.944567, -3.192083, 1953.3, 1877.19
55.944567, -3.192083, W, 55.944567, -3.192383, 1953.3, 1875.94
55.944567, -3.192383, E, 55.944567, -3.192083, 1953.3, 1874.69
55.944567, -3.192083, W, 55.944567, -3.192383, 1953.3, 1873.44
55.944567, -3.192383, E, 55.944567, -3.192083, 1953.3, 1872.19
55.944567, -3.192083, W, 55.944567, -3.192383, 1953.3, 1870.94
55.944567, -3.192383, E, 55.944567, -3.192083, 1953.3, 1869.69
55.944567, -3.192083, W, 55.944567, -3.192383, 1953.3, 1868.44
55.944567, -3.192383, E, 55.944567, -3.192083, 1953.3, 1867.19
55.944567, -3.192083, W, 55.944567, -3.192383, 1953.3, 1865.94
55.944567, -3.192383, E, 55.944567, -3.192083, 1953.3, 1864.69
55.944567, -3.192083, W, 55.944567, -3.192383, 1953.3, 1863.44
55.944567, -3.192383, E, 55.944567, -3.192083, 1953.3, 1862.19
55.944567, -3.192083, W, 55.944567, -3.192383, 1953.3, 1860.94
55.944567, -3.192383, E, 55.944567, -3.192083, 1953.3, 1859.69
55.944567, -3.192083, W, 55.944567, -3.192383, 1953.3, 1858.44
55.944567, -3.192383, E, 55.944567, -3.192083, 1953.3, 1857.19
55.944567, -3.192083, W, 55.944567, -3.192383, 1953.3, 1855.94
55.944567, -3.192383, E, 55.944567, -3.192083, 1953.3, 1854.69
55.944567, -3.192083, W, 55.944567, -3.192383, 1953.3, 1853.44
55.944567, -3.192383, E, 55.944567, -3.192083, 1953.3, 1852.19
55.944567, -3.192083, W, 55.944567, -3.192383, 1953.3, 1850.94
55.944567, -3.192383, E, 55.944567, -3.192083, 1953.3, 1849.69
55.944567, -3.192083, W, 55.944567, -3.192383, 1953.3, 1848.44
55.944567, -3.192383, E, 55.944567, -3.192083, 1953.3, 1847.19
55.944567, -3.192083, W, 55.944567, -3.192383, 1953.3, 1845.94
55.944567, -3.192383, E, 55.944567, -3.192083, 1953.3, 1844.69
55.944567, -3.192083, W, 55.944567, -3.192383, 1953.3, 1843.44
55.944567, -3.192383, E, 55.944567, -3.192083, 1953.3, 1842.19
55.944567, -3.192083, W, 55.944567, -3.192383, 1953.3, 1840.94
55.944567, -3.192383, E, 55.944567, -3.192083, 1953.3, 1839.69
55.944567, -3.192083, W, 55.944567, -3.192383, 1953.3, 1838.44
55.944567, -3.192383, E, 55.944567, -3.192083, 1953.3, 1837.19
55.944567, -3.192083, W, 55.944567, -3.192383, 1953.3, 1835.94
55.944567, -3.192383, E, 55.944567, -3.192083, 1953.3, 1834.69
55.944567, -3.192083, W, 55.944567, -3.192383, 1953.3, 1833.44
55.944567, -3.192383, E, 55.944567, -3.192083, 1953.3, 1832.19
55.944567, -3.192083, W, 55.944567, -3.192383, 1953.3, 1830.94
55.944567, -3.192383, E, 55.944567, -3.192083, 1953.3, 1829.69
55.944567, -3.192083, W, 55.944567, -3.192383, 1953.3, 1828.44
55.944567, -3.192383, E, 55.944567, -3.192083, 1953.3, 1827.19
55.944567, -3.192083, W, 55.944567, -3.192383, 1953.3, 1825.94
55.944567, -3.192383, E, 55.944567, -3.192083, 1953.3, 1824.69
55.944567, -3.192083, W, 55.944567, -3.192383, 1953.3, 1823.44
55.944567, -3.192383, E, 55.944567, -3.192083, 1953.3, 1822.19
55.944567, -3.192083, W, 55.944567, -3.192383, 1953.3, 1820.94
55.944567, -3.192383, E, 55.944567, -3.192083, 1953.3, 1819.69
55.944567, -3.192083, W, 55.944567, -3.192383, 1953.3, 1818.44
55.944567, -3.192383, E, 55.944567, -3.192083, 1953.3, 1817.19
55.944567, -3.192083, W, 55.944567, -3.192383, 1953.3, 1815.94
55.944567, -3.192383, E, 55.944567, -3.192083, 1953.3, 1814.69
55.944567, -3.192083, W, 55.944567, -3.192383, 1953.3, 1813.44
55.944567, -3.192383, E, 55.944567, -3.192083, 1953.3, 1812.19
55.944567, -3.192083, W, 55.944567, -3.192383, 1953.3, 1810.94
55.944567, -3.192383, E, 55.944567, -3.192083, 1953.3, 1809.69
55.944567, -3.192083, W, 55.944567, -3.192383, 1953.3, 1808.44
55.944567, -3.192383, E, 55.944567, -3.192083, 1953.3, 1807.19
55.944567, -3.192083, W, 55.944567, -3.192383, 1953.3, 1805.94
55.944567, -3.192383, E, 55.944567, -3.192083, 1953.3, 1804.69
55.944567, -3.192083, W, 55.944567, -3.192383, 1953.3, 1803.44
55.944567, -3.192383, E, 55.944567, -3.192083, 1953.3, 1802.19
55.944567, -3.192083, W, 55.944567, -3.192383, 1953.3, 1800.94
55.944567, -3.192383, E, 55.944567, -3.192083, 1953.3, 1799.69
55.944567, -3.192083, W, 55.944567, -3.192383, 1953.3, 1798.44
55.944567, -3.192383, E, 55.944567, -3.192083, 1953.3, 1797.19
55.944567, -3.192083, W, 55.944567, -3.192383, 1953.3, 1795.94
55.944567, -3.192383, E, 55.944567, -3.192083, 1953.3, 1794.69
55.944567, -3.192083, W, 55.944567, -3.192383, 1953.3, 1793.44
55.944567, -3.192383, E, 55.944567, -3.192083, 1953.3, 1792.19
55.944567, -3.192083, W, 55.944567, -3.192383, 1953.3, 1790.94
55.944567, -3.192383, E, 55.944567, -3.192083, 1953.3, 1789.69
55.944567, -3.192083, W, 55.944567, -3.192383, 1953.3, 1788.44
55.944567, -3.192383, E, 55.944567, -3.192083, 1953.3, 1787.19
55.944567, -3.192083, W, 55.944567, -3.192383, 1953.3, 1785.94
55.944567, -3.192383, E, 55.944567, -3.192083, 1953.3, 1784.69
55.944567, -3.192083, W, 55.944567, -3.192383, 1953.3, 1783.44
55.944567, -3.192383, E, 55.944567, -3.192083, 1953.3, 1782.19
55.944567, -3.192083, W, 55.944567, -3.192383, 1953.3, 1780.94
55.944567, -3.192383, E, 55.944567, -3.192083, 1953.3, 1779.69
55.944567, -3.192083, W, 55.944567, -3.192383, 1953.3, 1778.44
55.944567, -3.192383, E, 55.944567, -3.192083, 1953.3, 1777.19
55.944567, -3.192083, W, 55.944567, -3.192383, 1953.3, 1775.94
55.944567, -3.192383, E, 55.944567, -3.192083, 1953.3, 1774.69
55.944567, -3.192083, W, 55.944567, -3.192383, 1953.3, 1773.44
55.944567, -3.192383, E, 55.944567, -3.192083, 1953.3, 1772.19
55.944567, -3.192083, W, 55.944567, -3.192383, 1953.3, 1770.94
55.944567, -3.192383, E, 55.944567, -3.192083, 1953.3, 1769.69
55.944567, -3.192083, W, 55.944567, -3.192383, 1953.3, 1768.44
55.944567, -3.192383, E, 55.944567, -3.192083, 1953.3, 1767.19
55.944567, -3.192083, W, 55.944567, -3.192383, 1953.3, 1765.94
55.944567, -3.192383, E, 55.944567, -3.192083, 1953.3, 1764.69
55.944567, -3.192083, W, 55.944567, -3.192383, 1953.3, 1763.44
55.944567, -3.192383, E, 55.944567, -3.192083, 1953.3, 1762.19
55.944567, -3.192083, W, 55.944567, -3.192383, 1953.3, 1760.94
55.944567, -3.192383, E, 55.944567, -3.192083, 1953.3, 1759.69
55.944567, -3.192083, W, 55.944567, -3.192383, 1953.3, 1758.44
55.944567, -3.192383, E, 55.944567, -3.192083, 1953.3, 1757.19
55.944567, -3.192083, W, 55.944567, -3.192383, 1953.3, 1755.94
55.944567, -3.192383, E, 55.944567, -3.192083, 1953.3, 1754.69
55.944567, -3.192083, W, 55.944567, -3.192383, 1953.3, 1753.44
55.944567, -3.192383, E, 55.944567, -3.192083, 1953.3, 1752.19
55.944567, -3.192083, W, 55.944567, -3.192383, 1953.3, 1750.94
55.944567, -3.192383, E, 55.944567, -3.192083, 1953.3, 1749.69
55.944567, -3.192083, W, 55.944567, -3.192383, 1953.3, 1748.44

