55.944425, -3.188396, SSE, 55.944148, -3.188281, 0.0, 125.41
55.944148, -3.188281, S, 55.943848, -3.188281, 0.0, 124.16
55.943848, -3.188281, S, 55.943548, -3.188281, 104.5, 215.16
55.943548, -3.188281, E, 55.943548, -3.187981, 168.5, 259.52
55.943548, -3.187981, SW, 55.943336, -3.188193, 168.5, 258.27
55.943336, -3.188193, SE, 55.943124, -3.187981, 220.0, 283.61
55.943124, -3.187981, ESE, 55.943009, -3.187704, 220.0, 282.36
55.943009, -3.187704, ESE, 55.942894, -3.187427, 282.3, 291.04
55.942894, -3.187427, N, 55.943194, -3.187427, 282.3, 289.79
55.943194, -3.187427, N, 55.943494, -3.187427, 282.3, 288.54
55.943494, -3.187427, N, 55.943794, -3.187427, 346.8, 368.78
55.943794, -3.187427, ENE, 55.943909, -3.187150, 346.8, 367.53
55.943909, -3.187150, ENE, 55.944024, -3.186873, 346.8, 366.28
55.944024, -3.186873, E, 55.944024, -3.186573, 469.4, 432.49
55.944024, -3.186573, E, 55.944024, -3.186273, 513.9, 481.13
55.944024, -3.186273, SE, 55.943811, -3.186060, 569.3, 531.01
55.943811, -3.186060, SE, 55.943599, -3.185848, 569.3, 529.76
55.943599, -3.185848, SE, 55.943387, -3.185636, 569.3, 528.51
55.943387, -3.185636, SE, 55.943175, -3.185424, 633.3, 593.85
55.943175, -3.185424, S, 55.942875, -3.185424, 720.9, 605.09
55.942875, -3.185424, SW, 55.942663, -3.185636, 821.6, 720.99
55.942663, -3.185636, NNE, 55.942940, -3.185521, 821.6, 719.74
55.942940, -3.185521, NNE, 55.943217, -3.185407, 821.6, 718.49
55.943217, -3.185407, E, 55.943217, -3.185107, 821.6, 717.24
55.943217, -3.185107, NNE, 55.943494, -3.184992, 821.6, 715.99
55.943494, -3.184992, N, 55.943794, -3.184992, 821.6, 714.74
55.943794, -3.184992, N, 55.944094, -3.184992, 821.6, 713.49
55.944094, -3.184992, NNW, 55.944372, -3.185107, 916.9, 772.82
55.944372, -3.185107, NE, 55.944584, -3.184894, 955.4, 809.27
55.944584, -3.184894, E, 55.944584, -3.184594, 965.4, 842.81
55.944584, -3.184594, WNW, 55.944699, -3.184872, 965.4, 841.56
55.944699, -3.184872, WNW, 55.944813, -3.185149, 965.4, 840.31
55.944813, -3.185149, WNW, 55.944928, -3.185426, 965.4, 839.06
55.944928, -3.185426, NW, 55.945140, -3.185638, 965.4, 837.81
55.945140, -3.185638, WNW, 55.945255, -3.185915, 965.4, 836.56
55.945255, -3.185915, N, 55.945555, -3.185915, 965.4, 835.31
55.945555, -3.185915, N, 55.945855, -3.185915, 965.4, 834.06
55.945855, -3.185915, W, 55.945855, -3.186215, 881.7, 754.81
55.945855, -3.186215, W, 55.945855, -3.186515, 881.7, 753.56
55.945855, -3.186515, W, 55.945855, -3.186815, 951.7, 804.74
55.945855, -3.186815, WSW, 55.945740, -3.187092, 951.7, 803.49
55.945740, -3.187092, WSW, 55.945625, -3.187370, 951.7, 802.24
55.945625, -3.187370, WSW, 55.945511, -3.187647, 951.7, 800.99
55.945511, -3.187647, W, 55.945511, -3.187947, 951.7, 799.74
55.945511, -3.187947, WSW, 55.945396, -3.188224, 951.7, 798.49
55.945396, -3.188224, W, 55.945396, -3.188524, 951.7, 797.24
55.945396, -3.188524, WSW, 55.945281, -3.188801, 1003.6, 844.32
55.945281, -3.188801, W, 55.945281, -3.189101, 1003.6, 843.07
55.945281, -3.189101, W, 55.945281, -3.189401, 1003.6, 841.82
55.945281, -3.189401, S, 55.944981, -3.189401, 1003.6, 840.57
55.944981, -3.189401, S, 55.944681, -3.189401, 1046.1, 931.54
55.944681, -3.189401, NW, 55.944893, -3.189613, 1046.1, 930.29
55.944893, -3.189613, WSW, 55.944778, -3.189890, 1046.1, 929.04
55.944778, -3.189890, S, 55.944478, -3.189890, 1157.6, 984.18
55.944478, -3.189890, WNW, 55.944593, -3.190167, 1228.5, 983.86
55.944593, -3.190167, SW, 55.944381, -3.190380, 1228.5, 982.61
55.944381, -3.190380, WSW, 55.944266, -3.190657, 1269.4, 997.17
55.944266, -3.190657, NW, 55.944478, -3.190869, 1269.4, 995.92
55.944478, -3.190869, NNW, 55.944756, -3.190984, 1307.1, 1005.82
55.944756, -3.190984, WNW, 55.944870, -3.191261, 1307.1, 1004.57
55.944870, -3.191261, NW, 55.945082, -3.191473, 1352.2, 1071.90
55.945082, -3.191473, WSW, 55.944968, -3.191750, 1352.2, 1070.65
55.944968, -3.191750, WSW, 55.944853, -3.192027, 1352.2, 1069.40
55.944853, -3.192027, SW, 55.944641, -3.192239, 1460.8, 1101.61
55.944641, -3.192239, SE, 55.944429, -3.192027, 1460.8, 1100.36
55.944429, -3.192027, SSE, 55.944151, -3.191913, 1460.8, 1099.11
55.944151, -3.191913, ESE, 55.944037, -3.191635, 1582.5, 1130.52
55.944037, -3.191635, ESE, 55.943922, -3.191358, 1582.5, 1129.27
55.943922, -3.191358, ESE, 55.943807, -3.191081, 1582.5, 1128.02
55.943807, -3.191081, SE, 55.943595, -3.190869, 1582.5, 1126.77
55.943595, -3.190869, ESE, 55.943480, -3.190592, 1582.5, 1125.52
55.943480, -3.190592, SE, 55.943268, -3.190380, 1692.6, 1148.88
55.943268, -3.190380, ESE, 55.943153, -3.190102, 1692.6, 1147.63
55.943153, -3.190102, SE, 55.942941, -3.189890, 1764.5, 1183.96
55.942941, -3.189890, NNE, 55.943218, -3.189775, 1766.5, 1237.87
55.943218, -3.189775, N, 55.943518, -3.189775, 1829.1, 1264.15
55.943518, -3.189775, SE, 55.943306, -3.189563, 1829.1, 1262.90
55.943306, -3.189563, SSE, 55.943029, -3.189449, 1829.1, 1261.65
55.943029, -3.189449, SE, 55.942817, -3.189236, 1895.3, 1327.40
55.942817, -3.189236, N, 55.943117, -3.189236, 1895.3, 1326.15
55.943117, -3.189236, N, 55.943417, -3.189236, 1895.3, 1324.90
55.943417, -3.189236, N, 55.943717, -3.189236, 1895.3, 1323.65
55.943717, -3.189236, NNW, 55.943994, -3.189351, 1895.3, 1322.40
55.943994, -3.189351, N, 55.944294, -3.189351, 1895.3, 1321.15
55.944294, -3.189351, NNW, 55.944571, -3.189466, 1895.3, 1319.90
55.944571, -3.189466, N, 55.944871, -3.189466, 1895.3, 1318.65
55.944871, -3.189466, NNW, 55.945148, -3.189581, 1895.3, 1317.40
55.945148, -3.189581, N, 55.945448, -3.189581, 1895.3, 1316.15
55.945448, -3.189581, NNW, 55.945725, -3.189696, 1954.1, 1376.86
55.945725, -3.189696, W, 55.945725, -3.189996, 1954.1, 1375.61
55.945725, -3.189996, WNW, 55.945840, -3.190273, 1954.1, 1374.36
55.945840, -3.190273, W, 55.945840, -3.190573, 1954.1, 1373.11
55.945840, -3.190573, WNW, 55.945955, -3.190850, 1954.1, 1371.86
55.945955, -3.190850, W, 55.945955, -3.191150, 1954.1, 1370.61
55.945955, -3.191150, WNW, 55.946070, -3.191427, 1954.1, 1369.36
55.946070, -3.191427, W, 55.946070, -3.191727, 1954.1, 1368.11
55.946070, -3.191727, WNW, 55.946185, -3.192004, 1986.8, 1381.72
55.946185, -3.192004, ESE, 55.946070, -3.191727, 1986.8, 1380.47
55.946070, -3.191727, WNW, 55.946185, -3.192004, 1986.8, 1379.22
55.946185, -3.192004, E, 55.946185, -3.191704, 1986.8, 1377.97
55.946185, -3.191704, W, 55.946185, -3.192004, 1986.8, 1376.72
55.946185, -3.192004, E, 55.946185, -3.191704, 1986.8, 1375.47
55.946185, -3.191704, W, 55.946185, -3.192004, 1986.8, 1374.22
55.946185, -3.192004, E, 55.946185, -3.191704, 1986.8, 1372.97
55.946185, -3.191704, W, 55.946185, -3.192004, 1986.8, 1371.72
55.946185, -3.192004, E, 55.946185, -3.191704, 1986.8, 1370.47
55.946185, -3.191704, W, 55.946185, -3.192004, 1986.8, 1369.22
55.946185, -3.192004, E, 55.946185, -3.191704, 1986.8, 1367.97
55.946185, -3.191704, W, 55.946185, -3.192004, 1986.8, 1366.72
55.946185, -3.192004, E, 55.946185, -3.191704, 1986.8, 1365.47
55.946185, -3.191704, W, 55.946185, -3.192004, 1986.8, 1364.22
55.946185, -3.192004, E, 55.946185, -3.191704, 1986.8, 1362.97
55.946185, -3.191704, W, 55.946185, -3.192004, 1986.8, 1361.72
55.946185, -3.192004, E, 55.946185, -3.191704, 1986.8, 1360.47
55.946185, -3.191704, W, 55.946185, -3.192004, 1986.8, 1359.22
55.946185, -3.192004, E, 55.946185, -3.191704, 1986.8, 1357.97
55.946185, -3.191704, W, 55.946185, -3.192004, 1986.8, 1356.72
55.946185, -3.192004, E, 55.946185, -3.191704, 1986.8, 1355.47
55.946185, -3.191704, W, 55.946185, -3.192004, 1986.8, 1354.22
55.946185, -3.192004, E, 55.946185, -3.191704, 1986.8, 1352.97
55.946185, -3.191704, W, 55.946185, -3.192004, 1986.8, 1351.72
55.946185, -3.192004, E, 55.946185, -3.191704, 1986.8, 1350.47
55.946185, -3.191704, W, 55.946185, -3.192004, 1986.8, 1349.22
55.946185, -3.192004, E, 55.946185, -3.191704, 1986.8, 1347.97
55.946185, -3.191704, W, 55.946185, -3.192004, 1986.8, 1346.72
55.946185, -3.192004, E, 55.946185, -3.191704, 1986.8, 1345.47
55.946185, -3.191704, W, 55.946185, -3.192004, 1986.8, 1344.22
55.946185, -3.192004, E, 55.946185, -3.191704, 1986.8, 1342.97
55.946185, -3.191704, W, 55.946185, -3.192004, 1986.8, 1341.72
55.946185, -3.192004, E, 55.946185, -3.191704, 1986.8, 1340.47
55.946185, -3.191704, W, 55.946185, -3.192004, 1986.8, 1339.22
55.946185, -3.192004, E, 55.946185, -3.191704, 1986.8, 1337.97
55.946185, -3.191704, W, 55.946185, -3.192004, 1986.8, 1336.72
55.946185, -3.192004, E, 55.946185, -3.191704, 1986.8, 1335.47
55.946185, -3.191704, W, 55.946185, -3.192004, 1986.8, 1334.22
55.946185, -3.192004, E, 55.946185, -3.191704, 1986.8, 1332.97
55.946185, -3.191704, W, 55.946185, -3.192004, 1986.8, 1331.72
55.946185, -3.192004, E, 55.946185, -3.191704, 1986.8, 1330.47
55.946185, -3.191704, W, 55.946185, -3.192004, 1986.8, 1329.22
55.946185, -3.192004, E, 55.946185, -3.191704, 1986.8, 1327.97
55.946185, -3.191704, W, 55.946185, -3.192004, 1986.8, 1326.72
55.946185, -3.192004, E, 55.946185, -3.191704, 1986.8, 1325.47
55.946185, -3.191704, W, 55.946185, -3.192004, 1986.8, 1324.22
55.946185, -3.192004, E, 55.946185, -3.191704, 1986.8, 1322.97
55.946185, -3.191704, W, 55.946185, -3.192004, 1986.8, 1321.72
55.946185, -3.192004, E, 55.946185, -3.191704, 1986.8, 1320.47
55.946185, -3.191704, W, 55.946185, -3.192004, 1986.8, 1319.22
55.946185, -3.192004, E, 55.946185, -3.191704, 1986.8, 1317.97
55.946185, -3.191704, W, 55.946185, -3.192004, 1986.8, 1316.72
55.946185, -3.192004, E, 55.946185, -3.191704, 1986.8, 1315.47
55.946185, -3.191704, W, 55.946185, -3.192004, 1986.8, 1314.22
55.946185, -3.192004, E, 55.946185, -3.191704, 1986.8, 1312.97
55.946185, -3.191704, W, 55.946185, -3.192004, 1986.8, 1311.72
55.946185, -3.192004, E, 55.946185, -3.191704, 1986.8, 1310.47
55.946185, -3.191704, W, 55.946185, -3.192004, 1986.8, 1309.22
55.946185, -3.192004, E, 55.946185, -3.191704, 1986.8, 1307.97
55.946185, -3.191704, W, 55.946185, -3.192004, 1986.8, 1306.72
55.946185, -3.192004, E, 55.946185, -3.191704, 1986.8, 1305.47
55.946185, -3.191704, W, 55.946185, -3.192004, 1986.8, 1304.22
55.946185, -3.192004, E, 55.946185, -3.191704, 1986.8, 1302.97
55.946185, -3.191704, W, 55.946185, -3.192004, 1986.8, 1301.72
55.946185, -3.192004, E, 55.946185, -3.191704, 1986.8, 1300.47
55.946185, -3.191704, W, 55.946185, -3.192004, 1986.8, 1299.22
55.946185, -3.192004, E, 55.946185, -3.191704, 1986.8, 1297.97
55.946185, -3.191704, W, 55.946185, -3.192004, 1986.8, 1296.72
55.946185, -3.192004, E, 55.946185, -3.191704, 1986.8, 1295.47
55.946185, -3.191704, W, 55.946185, -3.192004, 1986.8, 1294.22
55.946185, -3.192004, E, 55.946185, -3.191704, 1986.8, 1292.97
55.946185, -3.191704, W, 55.946185, -3.192004, 1986.8, 1291.72
55.946185, -3.192004, E, 55.946185, -3.191704, 1986.8, 1290.47
55.946185, -3.191704, W, 55.946185, -3.192004, 1986.8, 1289.22
55.946185, -3.192004, E, 55.946185, -3.191704, 1986.8, 1287.97
55.946185, -3.191704, W, 55.946185, -3.192004, 1986.8, 1286.72
55.946185, -3.192004, E, 55.946185, -3.191704, 1986.8, 1285.47
55.946185, -3.191704, W, 55.946185, -3.192004, 1986.8, 1284.22
55.946185, -3.192004, E, 55.946185, -3.191704, 1986.8, 1282.97
55.946185, -3.191704, W, 55.946185, -3.192004, 1986.8, 1281.72
55.946185, -3.192004, E, 55.946185, -3.191704, 1986.8, 1280.47
55.946185, -3.191704, W, 55.946185, -3.192004, 1986.8, 1279.22
55.946185, -3.192004, E, 55.946185, -3.191704, 1986.8, 1277.97
55.946185, -3.191704, W, 55.946185, -3.192004, 1986.8, 1276.72
55.946185, -3.192004, E, 55.946185, -3.191704, 1986.8, 1275.47
55.946185, -3.191704, W, 55.946185, -3.192004, 1986.8, 1274.22
55.946185, -3.192004, E, 55.946185, -3.191704, 1986.8, 1272.97
55.946185, -3.191704, W, 55.946185, -3.192004, 1986.8, 1271.72
55.946185, -3.192004, E, 55.946185, -3.191704, 1986.8, 1270.47
55.946185, -3.191704, W, 55.946185, -3.192004, 1986.8, 1269.22
55.946185, -3.192004, E, 55.946185, -3.191704, 1986.8, 1267.97
55.946185, -3.191704, W, 55.946185, -3.192004, 1986.8, 1266.72
55.946185, -3.192004, E, 55.946185, -3.191704, 1986.8, 1265.47
55.946185, -3.191704, W, 55.946185, -3.192004, 1986.8, 1264.22
55.946185, -3.192004, E, 55.946185, -3.191704, 1986.8, 1262.97
55.946185, -3.191704, W, 55.946185, -3.192004, 1986.8, 1261.72
55.946185, -3.192004, E, 55.946185, -3.191704, 1986.8, 1260.47
55.946185, -3.191704, W, 55.946185, -3.192004, 1986.8, 1259.22
55.946185, -3.192004, E, 55.946185, -3.191704, 1986.8, 1257.97
55.946185, -3.191704, W, 55.946185, -3.192004, 1986.8, 1256.72
55.946185, -3.192004, E, 55.946185, -3.191704, 1986.8, 1255.47
55.946185, -3.191704, W, 55.946185, -3.192004, 1986.8, 1254.22
55.946185, -3.192004, E, 55.946185, -3.191704, 1986.8, 1252.97
55.946185, -3.191704, W, 55.946185, -3.192004, 1986.8, 1251.72
55.946185, -3.192004, E, 55.946185, -3.191704, 1986.8, 1250.47
55.946185, -3.191704, W, 55.946185, -3.192004, 1986.8, 1249.22
55.946185, -3.192004, E, 55.946185, -3.191704, 1986.8, 1247.97
55.946185, -3.191704, W, 55.946185, -3.192004, 1986.8, 1246.72
55.946185, -3.192004, E, 55.946185, -3.191704, 1986.8, 1245.47
55.946185, -3.191704, W, 55.946185, -3.192004, 1986.8, 1244.22
55.946185, -3.192004, E, 55.946185, -3.191704, 1986.8, 1242.97
55.946185, -3.191704, W, 55.946185, -3.192004, 1986.8, 1241.72
55.946185, -3.192004, E, 55.946185, -3.191704, 1986.8, 1240.47
55.946185, -3.191704, W, 55.946185, -3.192004, 1986.8, 1239.22
55.946185, -3.192004, E, 55.946185, -3.191704, 1986.8, 1237.97
55.946185, -3.191704, W, 55.946185, -3.192004, 1986.8, 1236.72
55.946185, -3.192004, E, 55.946185, -3.191704, 1986.8, 1235.47
55.946185, -3.191704, W, 55.946185, -3.192004, 1986.8, 1234.22
55.946185, -3.192004, E, 55.946185, -3.191704, 1986.8, 1232.97
55.946185, -3.191704, W, 55.946185, -3.192004, 1986.8, 1231.72
55.946185, -3.192004, E, 55.946185, -3.191704, 1986.8, 1230.47
55.946185, -3.191704, W, 55.946185, -3.192004, 1986.8, 1229.22
55.946185, -3.192004, E, 55.946185, -3.191704, 1986.8, 1227.97
55.946185, -3.191704, W, 55.946185, -3.192004, 1986.8, 1226.72
55.946185, -3.192004, E, 55.946185, -3.191704, 1986.8, 1225.47
55.946185, -3.191704, W, 55.946185, -3.192004, 1986.8, 1224.22
55.946185, -3.192004, E, 55.946185, -3.191704, 1986.8, 1222.97
55.946185, -3.191704, W, 55.946185, -3.192004, 1986.8, 1221.72
55.946185, -3.192004, E, 55.946185, -3.191704, 1986.8, 1220.47
55.946185, -3.191704, W, 55.946185, -3.192004, 1986.8, 1219.22
55.946185, -3.192004, E, 55.946185, -3.191704, 1986.8, 1217.97
55.946185, -3.191704, W, 55.946185, -3.192004, 1986.8, 1216.72
55.946185, -3.192004, E, 55.946185, -3.191704, 1986.8, 1215.47
55.946185, -3.191704, W, 55.946185, -3.192004, 1986.8, 1214.22
55.946185, -3.192004, E, 55.946185, -3.191704, 1986.8, 1212.97
55.946185, -3.191704, W, 55.946185, -3.192004, 1986.8, 1211.72
55.946185, -3.192004, E, 55.946185, -3.191704, 1986.8, 1210.47
55.946185, -3.191704, W, 55.946185, -3.192004, 1986.8, 1209.22
55.946185, -3.192004, E, 55.946185, -3.191704, 1986.8, 1207.97
55.946185, -3.191704, W, 55.946185, -3.192004, 1986.8, 1206.72
55.946185, -3.192004, E, 55.946185, -3.191704, 1986.8, 1205.47
55.946185, -3.191704, W, 55.946185, -3.192004, 1986.8, 1204.22
55.946185, -3.192004, E, 55.946185, -3.191704, 1986.8, 1202.97
55.946185, -3.191704, W, 55.946185, -3.192004, 1986.8, 1201.72
55.946185, -3.192004, E, 55.946185, -3.191704, 1986.8, 1200.47
55.946185, -3.191704, W, 55.946185, -3.192004, 1986.8, 1199.22
55.946185, -3.192004, E, 55.946185, -3.191704, 1986.8, 1197.97
55.946185, -3.191704, W, 55.946185, -3.192004, 1986.8, 1196.72
55.946185, -3.192004, E, 55.946185, -3.191704, 1986.8, 1195.47
55.946185, -3.191704, W, 55.946185, -3.192004, 1986.8, 1194.22
55.946185, -3.192004, E, 55.946185, -3.191704, 1986.8, 1192.97
55.946185, -3.191704, W, 55.946185, -3.192004, 1986.8, 1191.72
55.946185, -3.192004, E, 55.946185, -3.191704, 1986.8, 1190.47

