55.943700, -3.189300, WNW, 55.943815, -3.189577, 68.5, 268.95
55.943815, -3.189577, E, 55.943815, -3.189277, 68.5, 267.70
55.943815, -3.189277, ENE, 55.943930, -3.189000, 68.5, 266.45
55.943930, -3.189000, E, 55.943930, -3.188700, 160.7, 378.85
55.943930, -3.188700, S, 55.943630, -3.188700, 254.2, 484.30
55.943630, -3.188700, SE, 55.943417, -3.188488, 254.2, 483.05
55.943417, -3.188488, SSE, 55.943140, -3.188373, 336.5, 592.14
55.943140, -3.188373, ENE, 55.943255, -3.188096, 336.5, 590.89
55.943255, -3.188096, E, 55.943255, -3.187796, 372.1, 647.09
55.943255, -3.187796, S, 55.942955, -3.187796, 372.1, 645.84
55.942955, -3.187796, SSW, 55.942678, -3.187911, 457.7, 650.07
55.942678, -3.187911, ENE, 55.942793, -3.187634, 457.7, 648.82
55.942793, -3.187634, E, 55.942793, -3.187334, 493.3, 689.68
55.942793, -3.187334, NNE, 55.943070, -3.187219, 493.3, 688.43
55.943070, -3.187219, NNE, 55.943347, -3.187104, 544.8, 787.56
55.943347, -3.187104, NNE, 55.943624, -3.186989, 544.8, 786.31
55.943624, -3.186989, WNW, 55.943739, -3.187266, 544.8, 785.06
55.943739, -3.187266, NW, 55.943951, -3.187478, 630.5, 852.03
55.943951, -3.187478, NNE, 55.944228, -3.187364, 672.4, 925.40
55.944228, -3.187364, NE, 55.944440, -3.187151, 672.4, 924.15
55.944440, -3.187151, ENE, 55.944555, -3.186874, 767.4, 972.77
55.944555, -3.186874, E, 55.944555, -3.186574, 767.4, 971.52
55.944555, -3.186574, E, 55.944555, -3.186274, 767.4, 970.27
55.944555, -3.186274, E, 55.944555, -3.185974, 788.6, 985.10
55.944555, -3.185974, S, 55.944255, -3.185974, 788.6, 983.85
55.944255, -3.185974, SSW, 55.943978, -3.186089, 788.6, 982.60
55.943978, -3.186089, SW, 55.943766, -3.186301, 865.2, 1004.13
55.943766, -3.186301, E, 55.943766, -3.186001, 941.9, 1121.47
55.943766, -3.186001, E, 55.943766, -3.185701, 941.9, 1120.22
55.943766, -3.185701, E, 55.943766, -3.185401, 941.9, 1118.97
55.943766, -3.185401, E, 55.943766, -3.185101, 941.9, 1117.72
55.943766, -3.185101, E, 55.943766, -3.184801, 941.9, 1116.47
55.943766, -3.184801, E, 55.943766, -3.184501, 1059.8, 1192.35
55.943766, -3.184501, S, 55.943466, -3.184501, 1059.8, 1191.10
55.943466, -3.184501, SSE, 55.943189, -3.184386, 1059.8, 1189.85
55.943189, -3.184386, SW, 55.942977, -3.184599, 1094.3, 1286.54
55.942977, -3.184599, NNW, 55.943254, -3.184713, 1094.3, 1285.29
55.943254, -3.184713, NNW, 55.943531, -3.184828, 1094.3, 1284.04
55.943531, -3.184828, N, 55.943831, -3.184828, 1094.3, 1282.79
55.943831, -3.184828, NNW, 55.944108, -3.184943, 1094.3, 1281.54
55.944108, -3.184943, N, 55.944408, -3.184943, 1094.3, 1280.29
55.944408, -3.184943, NNW, 55.944685, -3.185058, 1094.3, 1279.04
55.944685, -3.185058, N, 55.944985, -3.185058, 1094.3, 1277.79
55.944985, -3.185058, N, 55.945285, -3.185058, 1163.6, 1337.92
55.945285, -3.185058, NW, 55.945497, -3.185270, 1163.6, 1336.67
55.945497, -3.185270, NW, 55.945710, -3.185482, 1237.2, 1359.45
55.945710, -3.185482, W, 55.945710, -3.185782, 1237.2, 1358.20
55.945710, -3.185782, W, 55.945710, -3.186082, 1237.2, 1356.95
55.945710, -3.186082, WNW, 55.945824, -3.186359, 1237.2, 1355.70
55.945824, -3.186359, W, 55.945824, -3.186659, 1237.2, 1354.45
55.945824, -3.186659, SSW, 55.945547, -3.186774, 1237.2, 1353.20
55.945547, -3.186774, WSW, 55.945432, -3.187051, 1237.2, 1351.95
55.945432, -3.187051, NW, 55.945645, -3.187263, 1237.2, 1350.70
55.945645, -3.187263, WNW, 55.945759, -3.187540, 1237.2, 1349.45
55.945759, -3.187540, NW, 55.945972, -3.187753, 1237.2, 1348.20
55.945972, -3.187753, NW, 55.946184, -3.187965, 1254.1, 1436.59
55.946184, -3.187965, W, 55.946184, -3.188265, 1281.1, 1441.08
55.946184, -3.188265, SSE, 55.945906, -3.188150, 1281.1, 1439.83
55.945906, -3.188150, W, 55.945906, -3.188450, 1383.8, 1518.34
55.945906, -3.188450, SSE, 55.945629, -3.188335, 1383.8, 1517.09
55.945629, -3.188335, S, 55.945329, -3.188335, 1383.8, 1515.84
55.945329, -3.188335, SW, 55.945117, -3.188547, 1383.8, 1514.59
55.945117, -3.188547, SSE, 55.944840, -3.188432, 1383.8, 1513.34
55.944840, -3.188432, S, 55.944540, -3.188432, 1447.6, 1512.41
55.944540, -3.188432, WSW, 55.944425, -3.188710, 1447.6, 1511.16
55.944425, -3.188710, WNW, 55.944540, -3.188987, 1555.4, 1535.18
55.944540, -3.188987, W, 55.944540, -3.189287, 1555.4, 1533.93
55.944540, -3.189287, W, 55.944540, -3.189587, 1555.4, 1532.68
55.944540, -3.189587, NNW, 55.944817, -3.189702, 1584.7, 1542.30
55.944817, -3.189702, WSW, 55.944702, -3.189979, 1584.7, 1541.05
55.944702, -3.189979, WNW, 55.944817, -3.190256, 1690.5, 1647.88
55.944817, -3.190256, WNW, 55.944932, -3.190533, 1690.5, 1646.63
55.944932, -3.190533, WNW, 55.945047, -3.190810, 1696.9, 1764.53
55.945047, -3.190810, NE, 55.945259, -3.190598, 1719.0, 1798.10
55.945259, -3.190598, SSW, 55.944982, -3.190713, 1719.0, 1796.85
55.944982, -3.190713, SSW, 55.944705, -3.190828, 1791.8, 1797.67
55.944705, -3.190828, SSE, 55.944427, -3.190713, 1791.8, 1796.42
55.944427, -3.190713, SSE, 55.944150, -3.190598, 1791.8, 1795.17
55.944150, -3.190598, SW, 55.943938, -3.190810, 1801.3, 1843.62
55.943938, -3.190810, SSW, 55.943661, -3.190925, 1801.3, 1842.37
55.943661, -3.190925, SSW, 55.943384, -3.191040, 1801.3, 1841.12
55.943384, -3.191040, SSW, 55.943107, -3.191155, 1801.3, 1839.87
55.943107, -3.191155, SW, 55.942895, -3.191367, 1829.1, 1934.20
55.942895, -3.191367, WSW, 55.942780, -3.191644, 1829.1, 1932.95
55.942780, -3.191644, WSW, 55.942665, -3.191921, 1829.1, 1931.70
55.942665, -3.191921, NW, 55.942877, -3.192133, 1925.4, 2020.08
55.942877, -3.192133, E, 55.942877, -3.191833, 1925.4, 2018.83
55.942877, -3.191833, E, 55.942877, -3.191533, 1925.4, 2017.58
55.942877, -3.191533, E, 55.942877, -3.191233, 1925.4, 2016.33
55.942877, -3.191233, E, 55.942877, -3.190933, 1925.4, 2015.08
55.942877, -3.190933, ESE, 55.942762, -3.190656, 1925.4, 2013.83
55.942762, -3.190656, E, 55.942762, -3.190356, 1940.5, 2065.98
55.942762, -3.190356, NW, 55.942974, -3.190568, 1940.5, 2064.73
55.942974, -3.190568, NW, 55.943187, -3.190780, 1940.5, 2063.48
55.943187, -3.190780, NW, 55.943399, -3.190993, 1940.5, 2062.23
55.943399, -3.190993, NW, 55.943611, -3.191205, 1940.5, 2060.98
55.943611, -3.191205, NW, 55.943823, -3.191417, 1940.5, 2059.73
55.943823, -3.191417, NW, 55.944035, -3.191629, 1940.5, 2058.48
55.944035, -3.191629, NW, 55.944247, -3.191841, 1940.5, 2057.23
55.944247, -3.191841, NNW, 55.944524, -3.191956, 1940.5, 2055.98
55.944524, -3.191956, NNW, 55.944801, -3.192071, 1940.5, 2054.73
55.944801, -3.192071, NNW, 55.945079, -3.192185, 1994.7, 2095.20
55.945079, -3.192185, WNW, 55.945193, -3.192463, 2030.1, 2120.19
55.945193, -3.192463, ENE, 55.945308, -3.192185, 2034.5, 2233.88
55.945308, -3.192185, ENE, 55.945423, -3.191908, 2034.5, 2232.63
55.945423, -3.191908, ENE, 55.945538, -3.191631, 2034.5, 2231.38
55.945538, -3.191631, ENE, 55.945653, -3.191354, 2034.5, 2230.13
55.945653, -3.191354, ENE, 55.945767, -3.191077, 2034.5, 2228.88
55.945767, -3.191077, ENE, 55.945882, -3.190800, 2034.5, 2227.63
55.945882, -3.190800, ENE, 55.945997, -3.190522, 2034.5, 2226.38
55.945997, -3.190522, E, 55.945997, -3.190222, 2136.2, 2342.93
55.945997, -3.190222, E, 55.945997, -3.189922, 2136.2, 2341.68
55.945997, -3.189922, E, 55.945997, -3.189622, 2136.2, 2340.43
55.945997, -3.189622, NW, 55.946209, -3.189835, 2136.2, 2339.18
55.946209, -3.189835, E, 55.946209, -3.189535, 2136.2, 2337.93
55.946209, -3.189535, W, 55.946209, -3.189835, 2136.2, 2336.68
55.946209, -3.189835, E, 55.946209, -3.189535, 2136.2, 2335.43
55.946209, -3.189535, W, 55.946209, -3.189835, 2136.2, 2334.18
55.946209, -3.189835, E, 55.946209, -3.189535, 2136.2, 2332.93
55.946209, -3.189535, W, 55.946209, -3.189835, 2136.2, 2331.68
55.946209, -3.189835, E, 55.946209, -3.189535, 2136.2, 2330.43
55.946209, -3.189535, W, 55.946209, -3.189835, 2136.2, 2329.18
55.946209, -3.189835, E, 55.946209, -3.189535, 2136.2, 2327.93
55.946209, -3.189535, W, 55.946209, -3.189835, 2136.2, 2326.68
55.946209, -3.189835, E, 55.946209, -3.189535, 2136.2, 2325.43
55.946209, -3.189535, W, 55.946209, -3.189835, 2136.2, 2324.18
55.946209, -3.189835, E, 55.946209, -3.189535, 2136.2, 2322.93
55.946209, -3.189535, W, 55.946209, -3.189835, 2136.2, 2321.68
55.946209, -3.189835, E, 55.946209, -3.189535, 2136.2, 2320.43
55.946209, -3.189535, W, 55.946209, -3.189835, 2136.2, 2319.18
55.946209, -3.189835, E, 55.946209, -3.189535, 2136.2, 2317.93
55.946209, -3.189535, W, 55.946209, -3.189835, 2136.2, 2316.68
55.946209, -3.189835, E, 55.946209, -3.189535, 2136.2, 2315.43
55.946209, -3.189535, W, 55.946209, -3.189835, 2136.2, 2314.18
55.946209, -3.189835, E, 55.946209, -3.189535, 2136.2, 2312.93
55.946209, -3.189535, W, 55.946209, -3.189835, 2136.2, 2311.68
55.946209, -3.189835, E, 55.946209, -3.189535, 2136.2, 2310.43
55.946209, -3.189535, W, 55.946209, -3.189835, 2136.2, 2309.18
55.946209, -3.189835, E, 55.946209, -3.189535, 2136.2, 2307.93
55.946209, -3.189535, W, 55.946209, -3.189835, 2136.2, 2306.68
55.946209, -3.189835, E, 55.946209, -3.189535, 2136.2, 2305.43
55.946209, -3.189535, W, 55.946209, -3.189835, 2136.2, 2304.18
55.946209, -3.189835, E, 55.946209, -3.189535, 2136.2, 2302.93
55.946209, -3.189535, W, 55.946209, -3.189835, 2136.2, 2301.68
55.946209, -3.189835, E, 55.946209, -3.189535, 2136.2, 2300.43
55.946209, -3.189535, W, 55.946209, -3.189835, 2136.2, 2299.18
55.946209, -3.189835, E, 55.946209, -3.189535, 2136.2, 2297.93
55.946209, -3.189535, W, 55.946209, -3.189835, 2136.2, 2296.68
55.946209, -3.189835, E, 55.946209, -3.189535, 2136.2, 2295.43
55.946209, -3.189535, W, 55.946209, -3.189835, 2136.2, 2294.18
55.946209, -3.189835, E, 55.946209, -3.189535, 2136.2, 2292.93
55.946209, -3.189535, W, 55.946209, -3.189835, 2136.2, 2291.68
55.946209, -3.189835, E, 55.946209, -3.189535, 2136.2, 2290.43
55.946209, -3.189535, W, 55.946209, -3.189835, 2136.2, 2289.18
55.946209, -3.189835, E, 55.946209, -3.189535, 2136.2, 2287.93
55.946209, -3.189535, W, 55.946209, -3.189835, 2136.2, 2286.68
55.946209, -3.189835, E, 55.946209, -3.189535, 2136.2, 2285.43
55.946209, -3.189535, W, 55.946209, -3.189835, 2136.2, 2284.18
55.946209, -3.189835, E, 55.946209, -3.189535, 2136.2, 2282.93
55.946209, -3.189535, W, 55.946209, -3.189835, 2136.2, 2281.68
55.946209, -3.189835, E, 55.946209, -3.189535, 2136.2, 2280.43
55.946209, -3.189535, W, 55.946209, -3.189835, 2136.2, 2279.18
55.946209, -3.189835, E, 55.946209, -3.189535, 2136.2, 2277.93
55.946209, -3.189535, W, 55.946209, -3.189835, 2136.2, 2276.68
55.946209, -3.189835, E, 55.946209, -3.189535, 2136.2, 2275.43
55.946209, -3.189535, W, 55.946209, -3.189835, 2136.2, 2274.18
55.946209, -3.189835, E, 55.946209, -3.189535, 2136.2, 2272.93
55.946209, -3.189535, W, 55.946209, -3.189835, 2136.2, 2271.68
55.946209, -3.189835, E, 55.946209, -3.189535, 2136.2, 2270.43
55.946209, -3.189535, W, 55.946209, -3.189835, 2136.2, 2269.18
55.946209, -3.189835, E, 55.946209, -3.189535, 2136.2, 2267.93
55.946209, -3.189535, W, 55.946209, -3.189835, 2136.2, 2266.68
55.946209, -3.189835, E, 55.946209, -3.189535, 2136.2, 2265.43
55.946209, -3.189535, W, 55.946209, -3.189835, 2136.2, 2264.18
55.946209, -3.189835, E, 55.946209, -3.189535, 2136.2, 2262.93
55.946209, -3.189535, W, 55.946209, -3.189835, 2136.2, 2261.68
55.946209, -3.189835, E, 55.946209, -3.189535, 2136.2, 2260.43
55.946209, -3.189535, W, 55.946209, -3.189835, 2136.2, 2259.18
55.946209, -3.189835, E, 55.946209, -3.189535, 2136.2, 2257.93
55.946209, -3.189535, W, 55.946209, -3.189835, 2136.2, 2256.68
55.946209, -3.189835, E, 55.946209, -3.189535, 2136.2, 2255.43
55.946209, -3.189535, W, 55.946209, -3.189835, 2136.2, 2254.18
55.946209, -3.189835, E, 55.946209, -3.189535, 2136.2, 2252.93
55.946209, -3.189535, W, 55.946209, -3.189835, 2136.2, 2251.68
55.946209, -3.189835, E, 55.946209, -3.189535, 2136.2, 2250.43
55.946209, -3.189535, W, 55.946209, -3.189835, 2136.2, 2249.18
55.946209, -3.189835, E, 55.946209, -3.189535, 2136.2, 2247.93
55.946209, -3.189535, W, 55.946209, -3.189835, 2136.2, 2246.68
55.946209, -3.189835, E, 55.946209, -3.189535, 2136.2, 2245.43
55.946209, -3.189535, W, 55.946209, -3.189835, 2136.2, 2244.18
55.946209, -3.189835, E, 55.946209, -3.189535, 2136.2, 2242.93
55.946209, -3.189535, W, 55.946209, -3.189835, 2136.2, 2241.68
55.946209, -3.189835, E, 55.946209, -3.189535, 2136.2, 2240.43
55.946209, -3.189535, W, 55.946209, -3.189835, 2136.2, 2239.18
55.946209, -3.189835, E, 55.946209, -3.189535, 2136.2, 2237.93
55.946209, -3.189535, W, 55.946209, -3.189835, 2136.2, 2236.68
55.946209, -3.189835, E, 55.946209, -3.189535, 2136.2, 2235.43
55.946209, -3.189535, W, 55.946209, -3.189835, 2136.2, 2234.18
55.946209, -3.189835, E, 55.946209, -3.189535, 2136.2, 2232.93
55.946209, -3.189535, W, 55.946209, -3.189835, 2136.2, 2231.68
55.946209, -3.189835, E, 55.946209, -3.189535, 2136.2, 2230.43
55.946209, -3.189535, W, 55.946209, -3.189835, 2136.2, 2229.18
55.946209, -3.189835, E, 55.946209, -3.189535, 2136.2, 2227.93
55.946209, -3.189535, W, 55.946209, -3.189835, 2136.2, 2226.68
55.946209, -3.189835, E, 55.946209, -3.189535, 2136.2, 2225.43
55.946209, -3.189535, W, 55.946209, -3.189835, 2136.2, 2224.18
55.946209, -3.189835, E, 55.946209, -3.189535, 2136.2, 2222.93
55.946209, -3.189535, W, 55.946209, -3.189835, 2136.2, 2221.68
55.946209, -3.189835, E, 55.946209, -3.189535, 2136.2, 2220.43
55.946209, -3.189535, W, 55.946209, -3.189835, 2136.2, 2219.18
55.946209, -3.189835, E, 55.946209, -3.189535, 2136.2, 2217.93
55.946209, -3.189535, W, 55.946209, -3.189835, 2136.2, 2216.68
55.946209, -3.189835, E, 55.946209, -3.189535, 2136.2, 2215.43
55.946209, -3.189535, W, 55.946209, -3.189835, 2136.2, 2214.18
55.946209, -3.189835, E, 55.946209, -3.189535, 2136.2, 2212.93
55.946209, -3.189535, W, 55.946209, -3.189835, 2136.2, 2211.68
55.946209, -3.189835, E, 55.946209, -3.189535, 2136.2, 2210.43
55.946209, -3.189535, W, 55.946209, -3.189835, 2136.2, 2209.18
55.946209, -3.189835, E, 55.946209, -3.189535, 2136.2, 2207.93
55.946209, -3.189535, W, 55.946209, -3.189835, 2136.2, 2206.68
55.946209, -3.189835, E, 55.946209, -3.189535, 2136.2, 2205.43
55.946209, -3.189535, W, 55.946209, -3.189835, 2136.2, 2204.18
55.946209, -3.189835, E, 55.946209, -3.189535, 2136.2, 2202.93
55.946209, -3.189535, W, 55.946209, -3.189835, 2136.2, 2201.68
55.946209, -3.189835, E, 55.946209, -3.189535, 2136.2, 2200.43
55.946209, -3.189535, W, 55.946209, -3.189835, 2136.2, 2199.18
55.946209, -3.189835, E, 55.946209, -3.189535, 2136.2, 2197.93
55.946209, -3.189535, W, 55.946209, -3.189835, 2136.2, 2196.68
55.946209, -3.189835, E, 55.946209, -3.189535, 2136.2, 2195.43
55.946209, -3.189535, W, 55.946209, -3.189835, 2136.2, 2194.18
55.946209, -3.189835, E, 55.946209, -3.189535, 2136.2, 2192.93
55.946209, -3.189535, W, 55.946209, -3.189835, 2136.2, 2191.68
55.946209, -3.189835, E, 55.946209, -3.189535, 2136.2, 2190.43
55.946209, -3.189535, W, 55.946209, -3.189835, 2136.2, 2189.18
55.946209, -3.189835, E, 55.946209, -3.189535, 2136.2, 2187.93
55.946209, -3.189535, W, 55.946209, -3.189835, 2136.2, 2186.68
55.946209, -3.189835, E, 55.946209, -3.189535, 2136.2, 2185.43
55.946209, -3.189535, W, 55.946209, -3.189835, 2136.2, 2184.18
55.946209, -3.189835, E, 55.946209, -3.189535, 2136.2, 2182.93
55.946209, -3.189535, W, 55.946209, -3.189835, 2136.2, 2181.68
55.946209, -3.189835, E, 55.946209, -3.189535, 2136.2, 2180.43
55.946209, -3.189535, W, 55.946209, -3.189835, 2136.2, 2179.18
55.946209, -3.189835, E, 55.946209, -3.189535, 2136.2, 2177.93
55.946209, -3.189535, W, 55.946209, -3.189835, 2136.2, 2176.68
55.946209, -3.189835, E, 55.946209, -3.189535, 2136.2, 2175.43
55.946209, -3.189535, W, 55.946209, -3.189835, 2136.2, 2174.18
55.946209, -3.189835, E, 55.946209, -3.189535, 2136.2, 2172.93
55.946209, -3.189535, W, 55.946209, -3.189835, 2136.2, 2171.68
55.946209, -3.189835, E, 55.946209, -3.189535, 2136.2, 2170.43
55.946209, -3.189535, W, 55.946209, -3.189835, 2136.2, 2169.18

