55.943700, -3.189300, SW, 55.943488, -3.189512, 0.0, 248.75
55.943488, -3.189512, SSW, 55.943211, -3.189627, 0.0, 247.50
55.943211, -3.189627, WSW, 55.943096, -3.189904, 114.4, 325.69
55.943096, -3.189904, NW, 55.943308, -3.190116, 180.2, 330.12
55.943308, -3.190116, WNW, 55.943423, -3.190393, 218.7, 417.49
55.943423, -3.190393, SW, 55.943211, -3.190606, 218.7, 416.24
55.943211, -3.190606, W, 55.943211, -3.190906, 218.7, 414.99
55.943211, -3.190906, S, 55.942911, -3.190906, 313.1, 446.38
55.942911, -3.190906, WNW, 55.943026, -3.191183, 313.1, 445.13
55.943026, -3.191183, WNW, 55.943140, -3.191460, 313.1, 443.88
55.943140, -3.191460, NNW, 55.943417, -3.191575, 313.3, 544.93
55.943417, -3.191575, WSW, 55.943303, -3.191852, 313.3, 543.68
55.943303, -3.191852, WNW, 55.943417, -3.192129, 313.3, 542.43
55.943417, -3.192129, NNW, 55.943695, -3.192244, 313.3, 541.18
55.943695, -3.192244, N, 55.943995, -3.192244, 373.3, 655.98
55.943995, -3.192244, NNW, 55.944272, -3.192359, 373.3, 654.73
55.944272, -3.192359, ENE, 55.944387, -3.192081, 315.8, 620.37
55.944387, -3.192081, NE, 55.944599, -3.191869, 315.8, 619.12
55.944599, -3.191869, NW, 55.944811, -3.192081, 315.8, 617.87
55.944811, -3.192081, WNW, 55.944926, -3.192359, 373.7, 722.93
55.944926, -3.192359, NNE, 55.945203, -3.192244, 347.3, 714.74
55.945203, -3.192244, NNE, 55.945480, -3.192129, 384.9, 740.43
55.945480, -3.192129, ENE, 55.945595, -3.191852, 384.9, 739.18
55.945595, -3.191852, NE, 55.945807, -3.191640, 384.9, 737.93
55.945807, -3.191640, ENE, 55.945922, -3.191363, 435.2, 861.41
55.945922, -3.191363, E, 55.945922, -3.191063, 435.2, 860.16
55.945922, -3.191063, E, 55.945922, -3.190763, 468.7, 939.48
55.945922, -3.190763, SSE, 55.945645, -3.190648, 468.7, 938.23
55.945645, -3.190648, SW, 55.945432, -3.190860, 536.0, 1021.54
55.945432, -3.190860, ENE, 55.945547, -3.190583, 536.0, 1020.29
55.945547, -3.190583, ENE, 55.945662, -3.190306, 537.9, 1048.62
55.945662, -3.190306, ENE, 55.945777, -3.190028, 537.9, 1047.37
55.945777, -3.190028, E, 55.945777, -3.189728, 537.9, 1046.12
55.945777, -3.189728, E, 55.945777, -3.189428, 579.4, 1083.06
55.945777, -3.189428, E, 55.945777, -3.189128, 624.9, 1082.71
55.945777, -3.189128, E, 55.945777, -3.188828, 658.3, 1106.03
55.945777, -3.188828, SE, 55.945565, -3.188616, 658.3, 1104.78
55.945565, -3.188616, SE, 55.945353, -3.188404, 658.3, 1103.53
55.945353, -3.188404, S, 55.945053, -3.188404, 765.1, 1175.66
55.945053, -3.188404, SW, 55.944840, -3.188616, 765.1, 1174.41
55.944840, -3.188616, W, 55.944840, -3.188916, 795.7, 1257.72
55.944840, -3.188916, E, 55.944840, -3.188616, 795.7, 1256.47
55.944840, -3.188616, ENE, 55.944955, -3.188339, 795.7, 1255.22
55.944955, -3.188339, E, 55.944955, -3.188039, 795.7, 1253.97
55.944955, -3.188039, ENE, 55.945070, -3.187762, 795.7, 1252.72
55.945070, -3.187762, E, 55.945070, -3.187462, 815.4, 1315.70
55.945070, -3.187462, S, 55.944770, -3.187462, 815.4, 1314.45
55.944770, -3.187462, S, 55.944470, -3.187462, 815.4, 1313.20
55.944470, -3.187462, SW, 55.944258, -3.187674, 842.4, 1355.58
55.944258, -3.187674, E, 55.944258, -3.187374, 842.4, 1354.33
55.944258, -3.187374, ESE, 55.944143, -3.187097, 842.4, 1353.08
55.944143, -3.187097, E, 55.944143, -3.186797, 842.4, 1351.83
55.944143, -3.186797, E, 55.944143, -3.186497, 938.4, 1473.45
55.944143, -3.186497, S, 55.943843, -3.186497, 992.9, 1580.36
55.943843, -3.186497, ENE, 55.943958, -3.186220, 992.9, 1579.11
55.943958, -3.186220, E, 55.943958, -3.185920, 1090.0, 1697.43
55.943958, -3.185920, NNE, 55.944235, -3.185805, 1125.9, 1754.72
55.944235, -3.185805, NNE, 55.944512, -3.185690, 1209.9, 1787.25
55.944512, -3.185690, E, 55.944512, -3.185390, 1209.9, 1786.00
55.944512, -3.185390, E, 55.944512, -3.185090, 1209.9, 1784.75
55.944512, -3.185090, SE, 55.944300, -3.184878, 1316.7, 1853.66
55.944300, -3.184878, SW, 55.944088, -3.185090, 1316.7, 1852.41
55.944088, -3.185090, SW, 55.943876, -3.185302, 1316.7, 1851.16
55.943876, -3.185302, SW, 55.943664, -3.185514, 1316.7, 1849.91
55.943664, -3.185514, W, 55.943664, -3.185814, 1329.3, 1956.94
55.943664, -3.185814, NNW, 55.943941, -3.185929, 1329.3, 1955.69
55.943941, -3.185929, NNW, 55.944218, -3.186044, 1329.3, 1954.44
55.944218, -3.186044, NNW, 55.944495, -3.186159, 1329.3, 1953.19
55.944495, -3.186159, NNW, 55.944772, -3.186274, 1329.3, 1951.94
55.944772, -3.186274, N, 55.945072, -3.186274, 1329.3, 1950.69
55.945072, -3.186274, NNW, 55.945350, -3.186388, 1329.3, 1949.44
55.945350, -3.186388, NNE, 55.945627, -3.186274, 1383.7, 2034.00
55.945627, -3.186274, ENE, 55.945742, -3.185996, 1383.7, 2032.75
55.945742, -3.185996, E, 55.945742, -3.185696, 1491.2, 2128.57
55.945742, -3.185696, WNW, 55.945856, -3.185974, 1491.2, 2127.32
55.945856, -3.185974, WNW, 55.945971, -3.186251, 1491.2, 2126.07
55.945971, -3.186251, WSW, 55.945856, -3.186528, 1491.2, 2124.82
55.945856, -3.186528, NNW, 55.946134, -3.186643, 1533.9, 2195.22
55.946134, -3.186643, SW, 55.945921, -3.186855, 1533.9, 2193.97
55.945921, -3.186855, SW, 55.945709, -3.187067, 1533.9, 2192.72
55.945709, -3.187067, SW, 55.945497, -3.187279, 1533.9, 2191.47
55.945497, -3.187279, SW, 55.945285, -3.187491, 1533.9, 2190.22
55.945285, -3.187491, SW, 55.945073, -3.187703, 1533.9, 2188.97
55.945073, -3.187703, SW, 55.944861, -3.187916, 1533.9, 2187.72
55.944861, -3.187916, SW, 55.944649, -3.188128, 1533.9, 2186.47
55.944649, -3.188128, SW, 55.944436, -3.188340, 1533.9, 2185.22
55.944436, -3.188340, SSW, 55.944159, -3.188455, 1533.9, 2183.97
55.944159, -3.188455, SW, 55.943947, -3.188667, 1533.9, 2182.72
55.943947, -3.188667, SSW, 55.943670, -3.188782, 1533.9, 2181.47
55.943670, -3.188782, SW, 55.943458, -3.188994, 1533.9, 2180.22
55.943458, -3.188994, SSW, 55.943181, -3.189108, 1533.9, 2178.97
55.943181, -3.189108, SW, 55.942969, -3.189321, 1641.1, 2225.61
55.942969, -3.189321, WSW, 55.942854, -3.189598, 1716.4, 2332.81
55.942854, -3.189598, E, 55.942854, -3.189298, 1716.4, 2331.56
55.942854, -3.189298, W, 55.942854, -3.189598, 1716.4, 2330.31
55.942854, -3.189598, E, 55.942854, -3.189298, 1716.4, 2329.06
55.942854, -3.189298, W, 55.942854, -3.189598, 1716.4, 2327.81
55.942854, -3.189598, E, 55.942854, -3.189298, 1716.4, 2326.56
55.942854, -3.189298, W, 55.942854, -3.189598, 1716.4, 2325.31
55.942854, -3.189598, E, 55.942854, -3.189298, 1716.4, 2324.06
55.942854, -3.189298, W, 55.942854, -3.189598, 1716.4, 2322.81
55.942854, -3.189598, E, 55.942854, -3.189298, 1716.4, 2321.56
55.942854, -3.189298, W, 55.942854, -3.189598, 1716.4, 2320.31
55.942854, -3.189598, E, 55.942854, -3.189298, 1716.4, 2319.06
55.942854, -3.189298, W, 55.942854, -3.189598, 1716.4, 2317.81
55.942854, -3.189598, E, 55.942854, -3.189298, 1716.4, 2316.56
55.942854, -3.189298, W, 55.942854, -3.189598, 1716.4, 2315.31
55.942854, -3.189598, E, 55.942854, -3.189298, 1716.4, 2314.06
55.942854, -3.189298, W, 55.942854, -3.189598, 1716.4, 2312.81
55.942854, -3.189598, E, 55.942854, -3.189298, 1716.4, 2311.56
55.942854, -3.189298, W, 55.942854, -3.189598, 1716.4, 2310.31
55.942854, -3.189598, E, 55.942854, -3.189298, 1716.4, 2309.06
55.942854, -3.189298, W, 55.942854, -3.189598, 1716.4, 2307.81
55.942854, -3.189598, E, 55.942854, -3.189298, 1716.4, 2306.56
55.942854, -3.189298, W, 55.942854, -3.189598, 1716.4, 2305.31
55.942854, -3.189598, E, 55.942854, -3.189298, 1716.4, 2304.06
55.942854, -3.189298, W, 55.942854, -3.189598, 1716.4, 2302.81
55.942854, -3.189598, E, 55.942854, -3.189298, 1716.4, 2301.56
55.942854, -3.189298, W, 55.942854, -3.189598, 1716.4, 2300.31
55.942854, -3.189598, E, 55.942854, -3.189298, 1716.4, 2299.06
55.942854, -3.189298, W, 55.942854, -3.189598, 1716.4, 2297.81
55.942854, -3.189598, E, 55.942854, -3.189298, 1716.4, 2296.56
55.942854, -3.189298, W, 55.942854, -3.189598, 1716.4, 2295.31
55.942854, -3.189598, E, 55.942854, -3.189298, 1716.4, 2294.06
55.942854, -3.189298, W, 55.942854, -3.189598, 1716.4, 2292.81
55.942854, -3.189598, E, 55.942854, -3.189298, 1716.4, 2291.56
55.942854, -3.189298, W, 55.942854, -3.189598, 1716.4, 2290.31
55.942854, -3.189598, E, 55.942854, -3.189298, 1716.4, 2289.06
55.942854, -3.189298, W, 55.942854, -3.189598, 1716.4, 2287.81
55.942854, -3.189598, E, 55.942854, -3.189298, 1716.4, 2286.56
55.942854, -3.189298, W, 55.942854, -3.189598, 1716.4, 2285.31
55.942854, -3.189598, E, 55.942854, -3.189298, 1716.4, 2284.06
55.942854, -3.189298, W, 55.942854, -3.189598, 1716.4, 2282.81
55.942854, -3.189598, E, 55.942854, -3.189298, 1716.4, 2281.56
55.942854, -3.189298, W, 55.942854, -3.189598, 1716.4, 2280.31
55.942854, -3.189598, E, 55.942854, -3.189298, 1716.4, 2279.06
55.942854, -3.189298, W, 55.942854, -3.189598, 1716.4, 2277.81
55.942854, -3.189598, E, 55.942854, -3.189298, 1716.4, 2276.56
55.942854, -3.189298, W, 55.942854, -3.189598, 1716.4, 2275.31
55.942854, -3.189598, E, 55.942854, -3.189298, 1716.4, 2274.06
55.942854, -3.189298, W, 55.942854, -3.189598, 1716.4, 2272.81
55.942854, -3.189598, E, 55.942854, -3.189298, 1716.4, 2271.56
55.942854, -3.189298, W, 55.942854, -3.189598, 1716.4, 2270.31
55.942854, -3.189598, E, 55.942854, -3.189298, 1716.4, 2269.06
55.942854, -3.189298, W, 55.942854, -3.189598, 1716.4, 2267.81
55.942854, -3.189598, E, 55.942854, -3.189298, 1716.4, 2266.56
55.942854, -3.189298, W, 55.942854, -3.189598, 1716.4, 2265.31
55.942854, -3.189598, E, 55.942854, -3.189298, 1716.4, 2264.06
55.942854, -3.189298, W, 55.942854, -3.189598, 1716.4, 2262.81
55.942854, -3.189598, E, 55.942854, -3.189298, 1716.4, 2261.56
55.942854, -3.189298, W, 55.942854, -3.189598, 1716.4, 2260.31
55.942854, -3.189598, E, 55.942854, -3.189298, 1716.4, 2259.06
55.942854, -3.189298, W, 55.942854, -3.189598, 1716.4, 2257.81
55.942854, -3.189598, E, 55.942854, -3.189298, 1716.4, 2256.56
55.942854, -3.189298, W, 55.942854, -3.189598, 1716.4, 2255.31
55.942854, -3.189598, E, 55.942854, -3.189298, 1716.4, 2254.06
55.942854, -3.189298, W, 55.942854, -3.189598, 1716.4, 2252.81
55.942854, -3.189598, E, 55.942854, -3.189298, 1716.4, 2251.56
55.942854, -3.189298, W, 55.942854, -3.189598, 1716.4, 2250.31
55.942854, -3.189598, E, 55.942854, -3.189298, 1716.4, 2249.06
55.942854, -3.189298, W, 55.942854, -3.189598, 1716.4, 2247.81
55.942854, -3.189598, E, 55.942854, -3.189298, 1716.4, 2246.56
55.942854, -3.189298, W, 55.942854, -3.189598, 1716.4, 2245.31
55.942854, -3.189598, E, 55.942854, -3.189298, 1716.4, 2244.06
55.942854, -3.189298, W, 55.942854, -3.189598, 1716.4, 2242.81
55.942854, -3.189598, E, 55.942854, -3.189298, 1716.4, 2241.56
55.942854, -3.189298, W, 55.942854, -3.189598, 1716.4, 2240.31
55.942854, -3.189598, E, 55.942854, -3.189298, 1716.4, 2239.06
55.942854, -3.189298, W, 55.942854, -3.189598, 1716.4, 2237.81
55.942854, -3.189598, E, 55.942854, -3.189298, 1716.4, 2236.56
55.942854, -3.189298, W, 55.942854, -3.189598, 1716.4, 2235.31
55.942854, -3.189598, E, 55.942854, -3.189298, 1716.4, 2234.06
55.942854, -3.189298, W, 55.942854, -3.189598, 1716.4, 2232.81
55.942854, -3.189598, E, 55.942854, -3.189298, 1716.4, 2231.56
55.942854, -3.189298, W, 55.942854, -3.189598, 1716.4, 2230.31
55.942854, -3.189598, E, 55.942854, -3.189298, 1716.4, 2229.06
55.942854, -3.189298, W, 55.942854, -3.189598, 1716.4, 2227.81
55.942854, -3.189598, E, 55.942854, -3.189298, 1716.4, 2226.56
55.942854, -3.189298, W, 55.942854, -3.189598, 1716.4, 2225.31
55.942854, -3.189598, E, 55.942854, -3.189298, 1716.4, 2224.06
55.942854, -3.189298, W, 55.942854, -3.189598, 1716.4, 2222.81
55.942854, -3.189598, E, 55.942854, -3.189298, 1716.4, 2221.56
55.942854, -3.189298, W, 55.942854, -3.189598, 1716.4, 2220.31
55.942854, -3.189598, E, 55.942854, -3.189298, 1716.4, 2219.06
55.942854, -3.189298, W, 55.942854, -3.189598, 1716.4, 2217.81
55.942854, -3.189598, E, 55.942854, -3.189298, 1716.4, 2216.56
55.942854, -3.189298, W, 55.942854, -3.189598, 1716.4, 2215.31
55.942854, -3.189598, E, 55.942854, -3.189298, 1716.4, 2214.06
55.942854, -3.189298, W, 55.942854, -3.189598, 1716.4, 2212.81
55.942854, -3.189598, E, 55.942854, -3.189298, 1716.4, 2211.56
55.942854, -3.189298, W, 55.942854, -3.189598, 1716.4, 2210.31
55.942854, -3.189598, E, 55.942854, -3.189298, 1716.4, 2209.06
55.942854, -3.189298, W, 55.942854, -3.189598, 1716.4, 2207.81
55.942854, -3.189598, E, 55.942854, -3.189298, 1716.4, 2206.56
55.942854, -3.189298, W, 55.942854, -3.189598, 1716.4, 2205.31
55.942854, -3.189598, E, 55.942854, -3.189298, 1716.4, 2204.06
55.942854, -3.189298, W, 55.942854, -3.189598, 1716.4, 2202.81
55.942854, -3.189598, E, 55.942854, -3.189298, 1716.4, 2201.56
55.942854, -3.189298, W, 55.942854, -3.189598, 1716.4, 2200.31
55.942854, -3.189598, E, 55.942854, -3.189298, 1716.4, 2199.06
55.942854, -3.189298, W, 55.942854, -3.189598, 1716.4, 2197.81
55.942854, -3.189598, E, 55.942854, -3.189298, 1716.4, 2196.56
55.942854, -3.189298, W, 55.942854, -3.189598, 1716.4, 2195.31
55.942854, -3.189598, E, 55.942854, -3.189298, 1716.4, 2194.06
55.942854, -3.189298, W, 55.942854, -3.189598, 1716.4, 2192.81
55.942854, -3.189598, E, 55.942854, -3.189298, 1716.4, 2191.56
55.942854, -3.189298, W, 55.942854, -3.189598, 1716.4, 2190.31
55.942854, -3.189598, E, 55.942854, -3.189298, 1716.4, 2189.06
55.942854, -3.189298, W, 55.942854, -3.189598, 1716.4, 2187.81
55.942854, -3.189598, E, 55.942854, -3.189298, 1716.4, 2186.56
55.942854, -3.189298, W, 55.942854, -3.189598, 1716.4, 2185.31
55.942854, -3.189598, E, 55.942854, -3.189298, 1716.4, 2184.06
55.942854, -3.189298, W, 55.942854, -3.189598, 1716.4, 2182.81
55.942854, -3.189598, E, 55.942854, -3.189298, 1716.4, 2181.56
55.942854, -3.189298, W, 55.942854, -3.189598, 1716.4, 2180.31
55.942854, -3.189598, E, 55.942854, -3.189298, 1716.4, 2179.06
55.942854, -3.189298, W, 55.942854, -3.189598, 1716.4, 2177.81
55.942854, -3.189598, E, 55.942854, -3.189298, 1716.4, 2176.56
55.942854, -3.189298, W, 55.942854, -3.189598, 1716.4, 2175.31
55.942854, -3.189598, E, 55.942854, -3.189298, 1716.4, 2174.06
55.942854, -3.189298, W, 55.942854, -3.189598, 1716.4, 2172.81
55.942854, -3.189598, E, 55.942854, -3.189298, 1716.4, 2171.56
55.942854, -3.189298, W, 55.942854, -3.189598, 1716.4, 2170.31
55.942854, -3.189598, E, 55.942854, -3.189298, 1716.4, 2169.06
55.942854, -3.189298, W, 55.942854, -3.189598, 1716.4, 2167.81
55.942854, -3.189598, E, 55.942854, -3.189298, 1716.4, 2166.56
55.942854, -3.189298, W, 55.942854, -3.189598, 1716.4, 2165.31
55.942854, -3.189598, E, 55.942854, -3.189298, 1716.4, 2164.06
55.942854, -3.189298, W, 55.942854, -3.189598, 1716.4, 2162.81
55.942854, -3.189598, E, 55.942854, -3.189298, 1716.4, 2161.56
55.942854, -3.189298, W, 55.942854, -3.189598, 1716.4, 2160.31
55.942854, -3.189598, E, 55.942854, -3.189298, 1716.4, 2159.06
55.942854, -3.189298, W, 55.942854, -3.189598, 1716.4, 2157.81
55.942854, -3.189598, E, 55.942854, -3.189298, 1716.4, 2156.56
55.942854, -3.189298, W, 55.942854, -3.189598, 1716.4, 2155.31
55.942854, -3.189598, E, 55.942854, -3.189298, 1716.4, 2154.06
55.942854, -3.189298, W, 55.942854, -3.189598, 1716.4, 2152.81
55.942854, -3.189598, E, 55.942854, -3.189298, 1716.4, 2151.56
55.942854, -3.189298, W, 55.942854, -3.189598, 1716.4, 2150.31
55.942854, -3.189598, E, 55.942854, -3.189298, 1716.4, 2149.06
55.942854, -3.189298, W, 55.942854, -3.189598, 1716.4, 2147.81
55.942854, -3.189598, E, 55.942854, -3.189298, 1716.4, 2146.56
55.942854, -3.189298, W, 55.942854, -3.189598, 1716.4, 2145.31
55.942854, -3.189598, E, 55.942854, -3.189298, 1716.4, 2144.06
55.942854, -3.189298, W, 55.942854, -3.189598, 1716.4, 2142.81
55.942854, -3.189598, E, 55.942854, -3.189298, 1716.4, 2141.56
55.942854, -3.189298, W, 55.942854, -3.189598, 1716.4, 2140.31
55.942854, -3.189598, E, 55.942854, -3.189298, 1716.4, 2139.06
55.942854, -3.189298, W, 55.942854, -3.189598, 1716.4, 2137.81
55.942854, -3.189598, E, 55.942854, -3.189298, 1716.4, 2136.56

