55.943700, -3.189300, ESE, 55.943585, -3.189023, 25.6, 322.48
55.943585, -3.189023, NW, 55.943797, -3.189235, 25.6, 321.23
55.943797, -3.189235, NNW, 55.944074, -3.189350, 25.6, 319.98
55.944074, -3.189350, WNW, 55.944189, -3.189627, 25.6, 318.73
55.944189, -3.189627, SW, 55.943977, -3.189839, 146.8, 376.24
55.943977, -3.189839, N, 55.944277, -3.189839, 146.8, 374.99
55.944277, -3.189839, S, 55.943977, -3.189839, 146.8, 373.74
55.943977, -3.189839, SSW, 55.943700, -3.189954, 146.8, 372.49
55.943700, -3.189954, NW, 55.943912, -3.190166, 146.8, 371.24
55.943912, -3.190166, E, 55.943912, -3.189866, 146.8, 369.99
55.943912, -3.189866, ESE, 55.943797, -3.189589, 146.8, 368.74
55.943797, -3.189589, NE, 55.944009, -3.189377, 146.8, 367.49
55.944009, -3.189377, SW, 55.943797, -3.189589, 146.8, 366.24
55.943797, -3.189589, NW, 55.944009, -3.189801, 146.8, 364.99
55.944009, -3.189801, NNE, 55.944287, -3.189686, 146.8, 363.74
55.944287, -3.189686, WSW, 55.944172, -3.189963, 146.8, 362.49
55.944172, -3.189963, WSW, 55.944057, -3.190240, 146.8, 361.24
55.944057, -3.190240, NNW, 55.944334, -3.190355, 146.8, 359.99
55.944334, -3.190355, NW, 55.944546, -3.190567, 146.8, 358.74
55.944546, -3.190567, S, 55.944246, -3.190567, 146.8, 357.49
55.944246, -3.190567, W, 55.944246, -3.190867, 146.8, 356.24
55.944246, -3.190867, SE, 55.944034, -3.190655, 146.8, 354.99
55.944034, -3.190655, SW, 55.943822, -3.190867, 234.5, 449.20
55.943822, -3.190867, SSW, 55.943545, -3.190982, 234.5, 447.95
55.943545, -3.190982, SSE, 55.943268, -3.190867, 344.0, 549.93
55.943268, -3.190867, SSE, 55.942991, -3.190753, 403.6, 673.39
55.942991, -3.190753, NE, 55.943203, -3.190540, 403.6, 672.14
55.943203, -3.190540, NNE, 55.943480, -3.190426, 403.6, 670.89
55.943480, -3.190426, S, 55.943180, -3.190426, 403.6, 669.64
55.943180, -3.190426, NNE, 55.943457, -3.190311, 403.6, 668.39
55.943457, -3.190311, NW, 55.943669, -3.190523, 403.6, 667.14
55.943669, -3.190523, NNW, 55.943946, -3.190638, 403.6, 665.89
55.943946, -3.190638, NE, 55.944158, -3.190426, 403.6, 664.64
55.944158, -3.190426, WSW, 55.944044, -3.190703, 403.6, 663.39
55.944044, -3.190703, W, 55.944044, -3.191003, 403.6, 662.14
55.944044, -3.191003, E, 55.944044, -3.190703, 403.6, 660.89
55.944044, -3.190703, N, 55.944344, -3.190703, 403.6, 659.64
55.944344, -3.190703, WNW, 55.944458, -3.190980, 403.6, 658.39
55.944458, -3.190980, E, 55.944458, -3.190680, 403.6, 657.14
55.944458, -3.190680, WNW, 55.944573, -3.190957, 403.6, 655.89
55.944573, -3.190957, WSW, 55.944458, -3.191234, 320.1, 568.94
55.944458, -3.191234, NNW, 55.944736, -3.191349, 320.1, 567.69
55.944736, -3.191349, S, 55.944436, -3.191349, 320.1, 566.44
55.944436, -3.191349, E, 55.944436, -3.191049, 320.1, 565.19
55.944436, -3.191049, S, 55.944136, -3.191049, 320.1, 563.94
55.944136, -3.191049, WNW, 55.944250, -3.191326, 211.1, 462.30
55.944250, -3.191326, NE, 55.944463, -3.191114, 211.1, 461.05
55.944463, -3.191114, E, 55.944463, -3.190814, 211.1, 459.80
55.944463, -3.190814, W, 55.944463, -3.191114, 211.1, 458.55
55.944463, -3.191114, ESE, 55.944348, -3.190837, 211.1, 457.30
55.944348, -3.190837, NW, 55.944560, -3.191049, 211.1, 456.05
55.944560, -3.191049, E, 55.944560, -3.190749, 211.1, 454.80
55.944560, -3.190749, W, 55.944560, -3.191049, 211.1, 453.55
55.944560, -3.191049, SSE, 55.944283, -3.190934, 211.1, 452.30
55.944283, -3.190934, S, 55.943983, -3.190934, 211.1, 451.05
55.943983, -3.190934, NW, 55.944195, -3.191146, 211.1, 449.80
55.944195, -3.191146, NNE, 55.944472, -3.191032, 211.1, 448.55
55.944472, -3.191032, SE, 55.944260, -3.190820, 211.1, 447.30
55.944260, -3.190820, N, 55.944560, -3.190820, 211.1, 446.05
55.944560, -3.190820, NE, 55.944772, -3.190607, 211.1, 444.80
55.944772, -3.190607, N, 55.945072, -3.190607, 211.1, 443.55
55.945072, -3.190607, NW, 55.945284, -3.190820, 211.1, 442.30
55.945284, -3.190820, NW, 55.945496, -3.191032, 211.1, 441.05
55.945496, -3.191032, NNE, 55.945773, -3.190917, 234.3, 537.92
55.945773, -3.190917, ENE, 55.945888, -3.190640, 234.3, 536.67
55.945888, -3.190640, W, 55.945888, -3.190940, 234.3, 535.42
55.945888, -3.190940, NE, 55.946100, -3.190728, 234.3, 534.17
55.946100, -3.190728, S, 55.945800, -3.190728, 234.3, 532.92
55.945800, -3.190728, N, 55.946100, -3.190728, 234.3, 531.67
55.946100, -3.190728, SSE, 55.945823, -3.190613, 234.3, 530.42
55.945823, -3.190613, N, 55.946123, -3.190613, 234.3, 529.17
55.946123, -3.190613, WSW, 55.946008, -3.190890, 234.3, 527.92
55.946008, -3.190890, ENE, 55.946123, -3.190613, 234.3, 526.67
55.946123, -3.190613, ESE, 55.946008, -3.190336, 234.3, 525.42
55.946008, -3.190336, ESE, 55.945894, -3.190058, 234.3, 524.17
55.945894, -3.190058, SW, 55.945681, -3.190271, 234.3, 522.92
55.945681, -3.190271, ESE, 55.945567, -3.189993, 350.4, 635.88
55.945567, -3.189993, ESE, 55.945452, -3.189716, 350.4, 634.63
55.945452, -3.189716, N, 55.945752, -3.189716, 350.4, 633.38
55.945752, -3.189716, S, 55.945452, -3.189716, 350.4, 632.13
55.945452, -3.189716, ESE, 55.945337, -3.189439, 441.6, 674.89
55.945337, -3.189439, W, 55.945337, -3.189739, 441.6, 673.64
55.945337, -3.189739, WSW, 55.945222, -3.190016, 441.6, 672.39
55.945222, -3.190016, SSW, 55.944945, -3.190131, 441.6, 671.14
55.944945, -3.190131, NW, 55.945157, -3.190343, 441.6, 669.89
55.945157, -3.190343, N, 55.945457, -3.190343, 441.6, 668.64
55.945457, -3.190343, ENE, 55.945572, -3.190066, 441.6, 667.39
55.945572, -3.190066, NNW, 55.945849, -3.190181, 441.6, 666.14
55.945849, -3.190181, NNE, 55.946126, -3.190066, 441.6, 664.89
55.946126, -3.190066, SSW, 55.945849, -3.190181, 441.6, 663.64
55.945849, -3.190181, NW, 55.946061, -3.190393, 441.6, 662.39
55.946061, -3.190393, WSW, 55.945947, -3.190670, 441.6, 661.14
55.945947, -3.190670, ESE, 55.945832, -3.190393, 441.6, 659.89
55.945832, -3.190393, ESE, 55.945717, -3.190116, 441.6, 658.64
55.945717, -3.190116, NW, 55.945929, -3.190328, 441.6, 657.39
55.945929, -3.190328, WSW, 55.945814, -3.190605, 441.6, 656.14
55.945814, -3.190605, SSW, 55.945537, -3.190720, 441.6, 654.89
55.945537, -3.190720, N, 55.945837, -3.190720, 441.6, 653.64
55.945837, -3.190720, SSW, 55.945560, -3.190835, 441.6, 652.39
55.945560, -3.190835, W, 55.945560, -3.191135, 441.6, 651.14
55.945560, -3.191135, SE, 55.945348, -3.190923, 441.6, 649.89
55.945348, -3.190923, SW, 55.945136, -3.191135, 441.6, 648.64
55.945136, -3.191135, N, 55.945436, -3.191135, 441.6, 647.39
55.945436, -3.191135, WSW, 55.945321, -3.191412, 441.6, 646.14
55.945321, -3.191412, SSE, 55.945044, -3.191297, 441.6, 644.89
55.945044, -3.191297, WNW, 55.945158, -3.191574, 441.6, 643.64
55.945158, -3.191574, WSW, 55.945044, -3.191851, 441.6, 642.39
55.945044, -3.191851, WSW, 55.944929, -3.192129, 527.8, 649.17
55.944929, -3.192129, N, 55.945229, -3.192129, 527.8, 647.92
55.945229, -3.192129, NNW, 55.945506, -3.192243, 527.8, 646.67
55.945506, -3.192243, SW, 55.945294, -3.192455, 527.8, 645.42
55.945294, -3.192455, NNE, 55.945571, -3.192341, 527.8, 644.17
55.945571, -3.192341, NNW, 55.945848, -3.192455, 527.8, 642.92
55.945848, -3.192455, N, 55.946148, -3.192455, 527.8, 641.67
55.946148, -3.192455, SSE, 55.945871, -3.192341, 527.8, 640.42
55.945871, -3.192341, NNW, 55.946148, -3.192455, 527.8, 639.17
55.946148, -3.192455, S, 55.945848, -3.192455, 527.8, 637.92
55.945848, -3.192455, SE, 55.945636, -3.192243, 527.8, 636.67
55.945636, -3.192243, E, 55.945636, -3.191943, 527.8, 635.42
55.945636, -3.191943, SE, 55.945424, -3.191731, 527.8, 634.17
55.945424, -3.191731, SE, 55.945212, -3.191519, 527.8, 632.92
55.945212, -3.191519, WSW, 55.945097, -3.191796, 527.8, 631.67
55.945097, -3.191796, WNW, 55.945212, -3.192073, 527.8, 630.42
55.945212, -3.192073, W, 55.945212, -3.192373, 527.8, 629.17
55.945212, -3.192373, N, 55.945512, -3.192373, 527.8, 627.92
55.945512, -3.192373, E, 55.945512, -3.192073, 527.8, 626.67
55.945512, -3.192073, NNW, 55.945789, -3.192188, 527.8, 625.42
55.945789, -3.192188, WNW, 55.945904, -3.192465, 527.8, 624.17
55.945904, -3.192465, N, 55.946204, -3.192465, 527.8, 622.92
55.946204, -3.192465, S, 55.945904, -3.192465, 527.8, 621.67
55.945904, -3.192465, ESE, 55.945789, -3.192188, 527.8, 620.42
55.945789, -3.192188, NNW, 55.946066, -3.192303, 527.8, 619.17
55.946066, -3.192303, S, 55.945766, -3.192303, 527.8, 617.92
55.945766, -3.192303, NE, 55.945978, -3.192091, 527.8, 616.67
55.945978, -3.192091, SE, 55.945766, -3.191879, 527.8, 615.42
55.945766, -3.191879, SW, 55.945554, -3.192091, 527.8, 614.17
55.945554, -3.192091, ENE, 55.945669, -3.191814, 527.8, 612.92
55.945669, -3.191814, W, 55.945669, -3.192114, 527.8, 611.67
55.945669, -3.192114, NNW, 55.945946, -3.192229, 527.8, 610.42
55.945946, -3.192229, NNW, 55.946223, -3.192343, 527.8, 609.17
55.946223, -3.192343, SSW, 55.945946, -3.192458, 527.8, 607.92
55.945946, -3.192458, SSE, 55.945669, -3.192343, 527.8, 606.67
55.945669, -3.192343, SE, 55.945457, -3.192131, 527.8, 605.42
55.945457, -3.192131, NE, 55.945669, -3.191919, 527.8, 604.17
55.945669, -3.191919, E, 55.945669, -3.191619, 527.8, 602.92
55.945669, -3.191619, SE, 55.945457, -3.191407, 527.8, 601.67
55.945457, -3.191407, E, 55.945457, -3.191107, 527.8, 600.42
55.945457, -3.191107, WNW, 55.945571, -3.191384, 527.8, 599.17
55.945571, -3.191384, E, 55.945571, -3.191084, 527.8, 597.92
55.945571, -3.191084, SSE, 55.945294, -3.190969, 527.8, 596.67
55.945294, -3.190969, SSW, 55.945017, -3.191084, 527.8, 595.42
55.945017, -3.191084, SSE, 55.944740, -3.190969, 527.8, 594.17
55.944740, -3.190969, SSW, 55.944463, -3.191084, 527.8, 592.92
55.944463, -3.191084, SW, 55.944251, -3.191296, 527.8, 591.67
55.944251, -3.191296, SE, 55.944039, -3.191084, 527.8, 590.42
55.944039, -3.191084, SE, 55.943826, -3.190872, 527.8, 589.17
55.943826, -3.190872, SSW, 55.943549, -3.190987, 527.8, 587.92
55.943549, -3.190987, NW, 55.943761, -3.191199, 527.8, 586.67
55.943761, -3.191199, SE, 55.943549, -3.190987, 527.8, 585.42
55.943549, -3.190987, WNW, 55.943664, -3.191264, 527.8, 584.17
55.943664, -3.191264, S, 55.943364, -3.191264, 527.8, 582.92
55.943364, -3.191264, E, 55.943364, -3.190964, 527.8, 581.67
55.943364, -3.190964, ESE, 55.943249, -3.190687, 527.8, 580.42
55.943249, -3.190687, ESE, 55.943134, -3.190410, 527.8, 579.17
55.943134, -3.190410, SSW, 55.942857, -3.190524, 527.8, 577.92
55.942857, -3.190524, WSW, 55.942743, -3.190802, 527.8, 576.67
55.942743, -3.190802, ENE, 55.942857, -3.190524, 527.8, 575.42
55.942857, -3.190524, NNE, 55.943134, -3.190410, 527.8, 574.17
55.943134, -3.190410, N, 55.943434, -3.190410, 527.8, 572.92
55.943434, -3.190410, SSE, 55.943157, -3.190295, 527.8, 571.67
55.943157, -3.190295, NNE, 55.943434, -3.190180, 527.8, 570.42
55.943434, -3.190180, ENE, 55.943549, -3.189903, 527.8, 569.17
55.943549, -3.189903, W, 55.943549, -3.190203, 527.8, 567.92
55.943549, -3.190203, SW, 55.943337, -3.190415, 527.8, 566.67
55.943337, -3.190415, NE, 55.943549, -3.190203, 527.8, 565.42
55.943549, -3.190203, SSE, 55.943272, -3.190088, 527.8, 564.17
55.943272, -3.190088, S, 55.942972, -3.190088, 527.8, 562.92
55.942972, -3.190088, ESE, 55.942857, -3.189811, 527.8, 561.67
55.942857, -3.189811, ENE, 55.942972, -3.189534, 527.8, 560.42
55.942972, -3.189534, ESE, 55.942857, -3.189257, 527.8, 559.17
55.942857, -3.189257, WNW, 55.942972, -3.189534, 527.8, 557.92
55.942972, -3.189534, S, 55.942672, -3.189534, 527.8, 556.67
55.942672, -3.189534, NW, 55.942884, -3.189746, 527.8, 555.42
55.942884, -3.189746, NW, 55.943096, -3.189958, 527.8, 554.17
55.943096, -3.189958, WNW, 55.943211, -3.190235, 527.8, 552.92
55.943211, -3.190235, W, 55.943211, -3.190535, 527.8, 551.67
55.943211, -3.190535, ENE, 55.943326, -3.190258, 527.8, 550.42
55.943326, -3.190258, E, 55.943326, -3.189958, 527.8, 549.17
55.943326, -3.189958, S, 55.943026, -3.189958, 527.8, 547.92
55.943026, -3.189958, SE, 55.942814, -3.189746, 527.8, 546.67
55.942814, -3.189746, NE, 55.943026, -3.189534, 527.8, 545.42
55.943026, -3.189534, WNW, 55.943141, -3.189811, 527.8, 544.17
55.943141, -3.189811, N, 55.943441, -3.189811, 527.8, 542.92
55.943441, -3.189811, SSW, 55.943164, -3.189926, 527.8, 541.67
55.943164, -3.189926, SSW, 55.942886, -3.190040, 527.8, 540.42
55.942886, -3.190040, NW, 55.943099, -3.190253, 527.8, 539.17
55.943099, -3.190253, W, 55.943099, -3.190553, 527.8, 537.92
55.943099, -3.190553, WSW, 55.942984, -3.190830, 527.8, 536.67
55.942984, -3.190830, NE, 55.943196, -3.190618, 527.8, 535.42
55.943196, -3.190618, S, 55.942896, -3.190618, 527.8, 534.17
55.942896, -3.190618, WNW, 55.943011, -3.190895, 527.8, 532.92
55.943011, -3.190895, NW, 55.943223, -3.191107, 527.8, 531.67
55.943223, -3.191107, SW, 55.943011, -3.191319, 573.5, 640.08
55.943011, -3.191319, ESE, 55.942896, -3.191042, 573.5, 638.83
55.942896, -3.191042, NNE, 55.943173, -3.190927, 573.5, 637.58
55.943173, -3.190927, ENE, 55.943288, -3.190650, 573.5, 636.33
55.943288, -3.190650, ENE, 55.943403, -3.190373, 573.5, 635.08
55.943403, -3.190373, ESE, 55.943288, -3.190096, 573.5, 633.83
55.943288, -3.190096, S, 55.942988, -3.190096, 573.5, 632.58
55.942988, -3.190096, SSW, 55.942711, -3.190210, 573.5, 631.33
55.942711, -3.190210, NNW, 55.942988, -3.190325, 573.5, 630.08
55.942988, -3.190325, E, 55.942988, -3.190025, 573.5, 628.83
55.942988, -3.190025, NNE, 55.943265, -3.189910, 573.5, 627.58
55.943265, -3.189910, NNE, 55.943542, -3.189796, 573.5, 626.33
55.943542, -3.189796, E, 55.943542, -3.189496, 573.5, 625.08
55.943542, -3.189496, NE, 55.943754, -3.189283, 573.5, 623.83
55.943754, -3.189283, SSE, 55.943477, -3.189169, 668.0, 657.99
55.943477, -3.189169, NNE, 55.943754, -3.189054, 668.0, 656.74
55.943754, -3.189054, SE, 55.943542, -3.188842, 668.0, 655.49
55.943542, -3.188842, W, 55.943542, -3.189142, 668.0, 654.24
55.943542, -3.189142, SE, 55.943330, -3.188930, 668.0, 652.99
55.943330, -3.188930, NE, 55.943542, -3.188717, 668.0, 651.74
55.943542, -3.188717, NNE, 55.943819, -3.188603, 668.0, 650.49
55.943819, -3.188603, SSE, 55.943542, -3.188488, 668.0, 649.24
55.943542, -3.188488, NW, 55.943754, -3.188700, 668.0, 647.99
55.943754, -3.188700, N, 55.944054, -3.188700, 668.0, 646.74
55.944054, -3.188700, W, 55.944054, -3.189000, 668.0, 645.49
55.944054, -3.189000, WSW, 55.943940, -3.189277, 668.0, 644.24
55.943940, -3.189277, NNE, 55.944217, -3.189162, 668.0, 642.99
55.944217, -3.189162, E, 55.944217, -3.188862, 668.0, 641.74
55.944217, -3.188862, NNW, 55.944494, -3.188977, 668.0, 640.49
55.944494, -3.188977, WSW, 55.944379, -3.189254, 668.0, 639.24
55.944379, -3.189254, ENE, 55.944494, -3.188977, 668.0, 637.99
55.944494, -3.188977, N, 55.944794, -3.188977, 668.0, 636.74
55.944794, -3.188977, SSW, 55.944517, -3.189092, 668.0, 635.49
55.944517, -3.189092, E, 55.944517, -3.188792, 668.0, 634.24
55.944517, -3.188792, NW, 55.944729, -3.189004, 668.0, 632.99
55.944729, -3.189004, S, 55.944429, -3.189004, 668.0, 631.74
55.944429, -3.189004, SE, 55.944217, -3.188792, 668.0, 630.49
55.944217, -3.188792, NNW, 55.944494, -3.188907, 668.0, 629.24
55.944494, -3.188907, N, 55.944794, -3.188907, 568.7, 576.02
55.944794, -3.188907, SSW, 55.944517, -3.189022, 568.7, 574.77
55.944517, -3.189022, SE, 55.944305, -3.188809, 568.7, 573.52
55.944305, -3.188809, N, 55.944605, -3.188809, 568.7, 572.27
55.944605, -3.188809, SSW, 55.944327, -3.188924, 568.7, 571.02
55.944327, -3.188924, SW, 55.944115, -3.189136, 568.7, 569.77
55.944115, -3.189136, NNE, 55.944392, -3.189022, 568.7, 568.52
55.944392, -3.189022, ESE, 55.944278, -3.188744, 568.7, 567.27
55.944278, -3.188744, SSE, 55.944000, -3.188630, 568.7, 566.02
55.944000, -3.188630, SW, 55.943788, -3.188842, 568.7, 564.77

