55.944425, -3.188396, NW, 55.944637, -3.188608, 95.5, 317.64
55.944637, -3.188608, WSW, 55.944522, -3.188885, 103.2, 340.66
55.944522, -3.188885, ESE, 55.944408, -3.188608, 103.2, 339.41
55.944408, -3.188608, SE, 55.944195, -3.188396, 103.2, 338.16
55.944195, -3.188396, E, 55.944195, -3.188096, 121.2, 428.73
55.944195, -3.188096, SSW, 55.943918, -3.188211, 121.2, 427.48
55.943918, -3.188211, SSW, 55.943641, -3.188326, 235.8, 476.25
55.943641, -3.188326, WNW, 55.943756, -3.188603, 286.8, 506.67
55.943756, -3.188603, SSE, 55.943479, -3.188488, 286.8, 505.42
55.943479, -3.188488, S, 55.943179, -3.188488, 286.8, 504.17
55.943179, -3.188488, SSW, 55.942902, -3.188603, 312.4, 536.44
55.942902, -3.188603, E, 55.942902, -3.188303, 312.4, 535.19
55.942902, -3.188303, E, 55.942902, -3.188003, 408.4, 537.31
55.942902, -3.188003, E, 55.942902, -3.187703, 408.4, 536.06
55.942902, -3.187703, E, 55.942902, -3.187403, 408.4, 534.81
55.942902, -3.187403, ENE, 55.943016, -3.187126, 408.4, 533.56
55.943016, -3.187126, E, 55.943016, -3.186826, 512.8, 553.81
55.943016, -3.186826, NE, 55.943228, -3.186613, 512.8, 552.56
55.943228, -3.186613, NE, 55.943441, -3.186401, 512.8, 551.31
55.943441, -3.186401, NE, 55.943653, -3.186189, 521.8, 650.96
55.943653, -3.186189, E, 55.943653, -3.185889, 524.2, 718.02
55.943653, -3.185889, N, 55.943953, -3.185889, 524.2, 716.77
55.943953, -3.185889, N, 55.944253, -3.185889, 524.2, 715.52
55.944253, -3.185889, NE, 55.944465, -3.185677, 583.2, 775.30
55.944465, -3.185677, N, 55.944765, -3.185677, 583.2, 774.05
55.944765, -3.185677, N, 55.945065, -3.185677, 652.8, 774.02
55.945065, -3.185677, ENE, 55.945180, -3.185400, 739.8, 773.17
55.945180, -3.185400, ESE, 55.945065, -3.185123, 739.8, 771.92
55.945065, -3.185123, E, 55.945065, -3.184823, 830.7, 803.53
55.945065, -3.184823, SSW, 55.944788, -3.184938, 907.3, 846.33
55.944788, -3.184938, WNW, 55.944903, -3.185215, 907.3, 845.08
55.944903, -3.185215, W, 55.944903, -3.185515, 907.3, 843.83
55.944903, -3.185515, WNW, 55.945017, -3.185792, 907.3, 842.58
55.945017, -3.185792, W, 55.945017, -3.186092, 907.3, 841.33
55.945017, -3.186092, WNW, 55.945132, -3.186369, 907.3, 840.08
55.945132, -3.186369, WNW, 55.945247, -3.186646, 1002.0, 930.76
55.945247, -3.186646, SW, 55.945035, -3.186858, 1002.0, 929.51
55.945035, -3.186858, SSW, 55.944758, -3.186973, 1002.0, 928.26
55.944758, -3.186973, W, 55.944758, -3.187273, 1117.8, 1021.47
55.944758, -3.187273, NW, 55.944970, -3.187485, 1117.8, 1020.22
55.944970, -3.187485, NW, 55.945182, -3.187697, 1117.8, 1018.97
55.945182, -3.187697, NW, 55.945394, -3.187910, 1117.8, 1017.72
55.945394, -3.187910, NW, 55.945606, -3.188122, 1211.5, 1063.06
55.945606, -3.188122, WNW, 55.945721, -3.188399, 1287.7, 1068.77
55.945721, -3.188399, SW, 55.945509, -3.188611, 1405.1, 1168.95
55.945509, -3.188611, W, 55.945509, -3.188911, 1435.0, 1235.65
55.945509, -3.188911, NNE, 55.945786, -3.188796, 1546.8, 1300.88
55.945786, -3.188796, NW, 55.945998, -3.189008, 1671.1, 1310.72
55.945998, -3.189008, SW, 55.945786, -3.189220, 1671.1, 1309.47
55.945786, -3.189220, SW, 55.945574, -3.189433, 1671.1, 1308.22
55.945574, -3.189433, WSW, 55.945459, -3.189710, 1687.3, 1389.12
55.945459, -3.189710, W, 55.945459, -3.190010, 1687.3, 1387.87
55.945459, -3.190010, W, 55.945459, -3.190310, 1687.3, 1386.62
55.945459, -3.190310, NW, 55.945671, -3.190522, 1745.5, 1476.26
55.945671, -3.190522, NW, 55.945883, -3.190734, 1745.5, 1475.01
55.945883, -3.190734, NNW, 55.946160, -3.190849, 1813.4, 1492.07
55.946160, -3.190849, WSW, 55.946046, -3.191126, 1813.4, 1490.82
55.946046, -3.191126, WNW, 55.946160, -3.191403, 1829.9, 1568.28
55.946160, -3.191403, SSW, 55.945883, -3.191518, 1829.9, 1567.03
55.945883, -3.191518, SSW, 55.945606, -3.191633, 1829.9, 1565.78
55.945606, -3.191633, WSW, 55.945491, -3.191910, 1829.9, 1564.53
55.945491, -3.191910, ESE, 55.945377, -3.191633, 1829.9, 1563.28
55.945377, -3.191633, WSW, 55.945262, -3.191910, 1829.9, 1562.03
55.945262, -3.191910, S, 55.944962, -3.191910, 1862.0, 1649.13
55.944962, -3.191910, SE, 55.944750, -3.191698, 1949.2, 1749.11
55.944750, -3.191698, SSW, 55.944472, -3.191813, 2034.1, 1867.88
55.944472, -3.191813, WNW, 55.944587, -3.192090, 2052.8, 1987.22
55.944587, -3.192090, SSE, 55.944310, -3.191975, 2052.8, 1985.97
55.944310, -3.191975, SE, 55.944098, -3.191763, 2052.8, 1984.72
55.944098, -3.191763, S, 55.943798, -3.191763, 2061.5, 2009.05
55.943798, -3.191763, ESE, 55.943683, -3.191486, 2061.5, 2007.80
55.943683, -3.191486, E, 55.943683, -3.191186, 2172.4, 2025.33
55.943683, -3.191186, WSW, 55.943568, -3.191463, 2172.4, 2024.08
55.943568, -3.191463, SW, 55.943356, -3.191675, 2172.4, 2022.83
55.943356, -3.191675, WSW, 55.943241, -3.191952, 2265.9, 2058.60
55.943241, -3.191952, SSE, 55.942964, -3.191837, 2265.9, 2057.35
55.942964, -3.191837, S, 55.942664, -3.191837, 2284.3, 2172.20
55.942664, -3.191837, W, 55.942664, -3.192137, 2284.3, 2170.95
55.942664, -3.192137, NNW, 55.942941, -3.192252, 2376.4, 2249.78
55.942941, -3.192252, NE, 55.943154, -3.192040, 2376.4, 2248.53
55.943154, -3.192040, NE, 55.943366, -3.191828, 2376.4, 2247.28
55.943366, -3.191828, NE, 55.943578, -3.191616, 2376.4, 2246.03
55.943578, -3.191616, NE, 55.943790, -3.191404, 2376.4, 2244.78
55.943790, -3.191404, NNE, 55.944067, -3.191289, 2376.4, 2243.53
55.944067, -3.191289, NE, 55.944279, -3.191077, 2376.4, 2242.28
55.944279, -3.191077, NNE, 55.944556, -3.190962, 2376.4, 2241.03
55.944556, -3.190962, ENE, 55.944671, -3.190685, 2475.3, 2356.84
55.944671, -3.190685, ESE, 55.944556, -3.190407, 2475.3, 2355.59
55.944556, -3.190407, ESE, 55.944442, -3.190130, 2475.3, 2354.34
55.944442, -3.190130, E, 55.944442, -3.189830, 2512.2, 2368.81
55.944442, -3.189830, E, 55.944442, -3.189530, 2512.2, 2367.56
55.944442, -3.189530, W, 55.944442, -3.189830, 2512.2, 2366.31
55.944442, -3.189830, E, 55.944442, -3.189530, 2512.2, 2365.06
55.944442, -3.189530, W, 55.944442, -3.189830, 2512.2, 2363.81
55.944442, -3.189830, E, 55.944442, -3.189530, 2512.2, 2362.56
55.944442, -3.189530, W, 55.944442, -3.189830, 2512.2, 2361.31
55.944442, -3.189830, E, 55.944442, -3.189530, 2512.2, 2360.06
55.944442, -3.189530, W, 55.944442, -3.189830, 2512.2, 2358.81
55.944442, -3.189830, E, 55.944442, -3.189530, 2512.2, 2357.56
55.944442, -3.189530, W, 55.944442, -3.189830, 2512.2, 2356.31
55.944442, -3.189830, E, 55.944442, -3.189530, 2512.2, 2355.06
55.944442, -3.189530, W, 55.944442, -3.189830, 2512.2, 2353.81
55.944442, -3.189830, E, 55.944442, -3.189530, 2512.2, 2352.56
55.944442, -3.189530, W, 55.944442, -3.189830, 2512.2, 2351.31
55.944442, -3.189830, E, 55.944442, -3.189530, 2512.2, 2350.06
55.944442, -3.189530, W, 55.944442, -3.189830, 2512.2, 2348.81
55.944442, -3.189830, E, 55.944442, -3.189530, 2512.2, 2347.56
55.944442, -3.189530, W, 55.944442, -3.189830, 2512.2, 2346.31
55.944442, -3.189830, E, 55.944442, -3.189530, 2512.2, 2345.06
55.944442, -3.189530, W, 55.944442, -3.189830, 2512.2, 2343.81
55.944442, -3.189830, E, 55.944442, -3.189530, 2512.2, 2342.56
55.944442, -3.189530, W, 55.944442, -3.189830, 2512.2, 2341.31
55.944442, -3.189830, E, 55.944442, -3.189530, 2512.2, 2340.06
55.944442, -3.189530, W, 55.944442, -3.189830, 2512.2, 2338.81
55.944442, -3.189830, E, 55.944442, -3.189530, 2512.2, 2337.56
55.944442, -3.189530, W, 55.944442, -3.189830, 2512.2, 2336.31
55.944442, -3.189830, E, 55.944442, -3.189530, 2512.2, 2335.06
55.944442, -3.189530, W, 55.944442, -3.189830, 2512.2, 2333.81
55.944442, -3.189830, E, 55.944442, -3.189530, 2512.2, 2332.56
55.944442, -3.189530, W, 55.944442, -3.189830, 2512.2, 2331.31
55.944442, -3.189830, E, 55.944442, -3.189530, 2512.2, 2330.06
55.944442, -3.189530, W, 55.944442, -3.189830, 2512.2, 2328.81
55.944442, -3.189830, E, 55.944442, -3.189530, 2512.2, 2327.56
55.944442, -3.189530, W, 55.944442, -3.189830, 2512.2, 2326.31
55.944442, -3.189830, E, 55.944442, -3.189530, 2512.2, 2325.06
55.944442, -3.189530, W, 55.944442, -3.189830, 2512.2, 2323.81
55.944442, -3.189830, E, 55.944442, -3.189530, 2512.2, 2322.56
55.944442, -3.189530, W, 55.944442, -3.189830, 2512.2, 2321.31
55.944442, -3.189830, E, 55.944442, -3.189530, 2512.2, 2320.06
55.944442, -3.189530, W, 55.944442, -3.189830, 2512.2, 2318.81
55.944442, -3.189830, E, 55.944442, -3.189530, 2512.2, 2317.56
55.944442, -3.189530, W, 55.944442, -3.189830, 2512.2, 2316.31
55.944442, -3.189830, E, 55.944442, -3.189530, 2512.2, 2315.06
55.944442, -3.189530, W, 55.944442, -3.189830, 2512.2, 2313.81
55.944442, -3.189830, E, 55.944442, -3.189530, 2512.2, 2312.56
55.944442, -3.189530, W, 55.944442, -3.189830, 2512.2, 2311.31
55.944442, -3.189830, E, 55.944442, -3.189530, 2512.2, 2310.06
55.944442, -3.189530, W, 55.944442, -3.189830, 2512.2, 2308.81
55.944442, -3.189830, E, 55.944442, -3.189530, 2512.2, 2307.56
55.944442, -3.189530, W, 55.944442, -3.189830, 2512.2, 2306.31
55.944442, -3.189830, E, 55.944442, -3.189530, 2512.2, 2305.06
55.944442, -3.189530, W, 55.944442, -3.189830, 2512.2, 2303.81
55.944442, -3.189830, E, 55.944442, -3.189530, 2512.2, 2302.56
55.944442, -3.189530, W, 55.944442, -3.189830, 2512.2, 2301.31
55.944442, -3.189830, E, 55.944442, -3.189530, 2512.2, 2300.06
55.944442, -3.189530, W, 55.944442, -3.189830, 2512.2, 2298.81
55.944442, -3.189830, E, 55.944442, -3.189530, 2512.2, 2297.56
55.944442, -3.189530, W, 55.944442, -3.189830, 2512.2, 2296.31
55.944442, -3.189830, E, 55.944442, -3.189530, 2512.2, 2295.06
55.944442, -3.189530, W, 55.944442, -3.189830, 2512.2, 2293.81
55.944442, -3.189830, E, 55.944442, -3.189530, 2512.2, 2292.56
55.944442, -3.189530, W, 55.944442, -3.189830, 2512.2, 2291.31
55.944442, -3.189830, E, 55.944442, -3.189530, 2512.2, 2290.06
55.944442, -3.189530, W, 55.944442, -3.189830, 2512.2, 2288.81
55.944442, -3.189830, E, 55.944442, -3.189530, 2512.2, 2287.56
55.944442, -3.189530, W, 55.944442, -3.189830, 2512.2, 2286.31
55.944442, -3.189830, E, 55.944442, -3.189530, 2512.2, 2285.06
55.944442, -3.189530, W, 55.944442, -3.189830, 2512.2, 2283.81
55.944442, -3.189830, E, 55.944442, -3.189530, 2512.2, 2282.56
55.944442, -3.189530, W, 55.944442, -3.189830, 2512.2, 2281.31
55.944442, -3.189830, E, 55.944442, -3.189530, 2512.2, 2280.06
55.944442, -3.189530, W, 55.944442, -3.189830, 2512.2, 2278.81
55.944442, -3.189830, E, 55.944442, -3.189530, 2512.2, 2277.56
55.944442, -3.189530, W, 55.944442, -3.189830, 2512.2, 2276.31
55.944442, -3.189830, E, 55.944442, -3.189530, 2512.2, 2275.06
55.944442, -3.189530, W, 55.944442, -3.189830, 2512.2, 2273.81
55.944442, -3.189830, E, 55.944442, -3.189530, 2512.2, 2272.56
55.944442, -3.189530, W, 55.944442, -3.189830, 2512.2, 2271.31
55.944442, -3.189830, E, 55.944442, -3.189530, 2512.2, 2270.06
55.944442, -3.189530, W, 55.944442, -3.189830, 2512.2, 2268.81
55.944442, -3.189830, E, 55.944442, -3.189530, 2512.2, 2267.56
55.944442, -3.189530, W, 55.944442, -3.189830, 2512.2, 2266.31
55.944442, -3.189830, E, 55.944442, -3.189530, 2512.2, 2265.06
55.944442, -3.189530, W, 55.944442, -3.189830, 2512.2, 2263.81
55.944442, -3.189830, E, 55.944442, -3.189530, 2512.2, 2262.56
55.944442, -3.189530, W, 55.944442, -3.189830, 2512.2, 2261.31
55.944442, -3.189830, E, 55.944442, -3.189530, 2512.2, 2260.06
55.944442, -3.189530, W, 55.944442, -3.189830, 2512.2, 2258.81
55.944442, -3.189830, E, 55.944442, -3.189530, 2512.2, 2257.56
55.944442, -3.189530, W, 55.944442, -3.189830, 2512.2, 2256.31
55.944442, -3.189830, E, 55.944442, -3.189530, 2512.2, 2255.06
55.944442, -3.189530, W, 55.944442, -3.189830, 2512.2, 2253.81
55.944442, -3.189830, E, 55.944442, -3.189530, 2512.2, 2252.56
55.944442, -3.189530, W, 55.944442, -3.189830, 2512.2, 2251.31
55.944442, -3.189830, E, 55.944442, -3.189530, 2512.2, 2250.06
55.944442, -3.189530, W, 55.944442, -3.189830, 2512.2, 2248.81
55.944442, -3.189830, E, 55.944442, -3.189530, 2512.2, 2247.56
55.944442, -3.189530, W, 55.944442, -3.189830, 2512.2, 2246.31
55.944442, -3.189830, E, 55.944442, -3.189530, 2512.2, 2245.06
55.944442, -3.189530, W, 55.944442, -3.189830, 2512.2, 2243.81
55.944442, -3.189830, E, 55.944442, -3.189530, 2512.2, 2242.56
55.944442, -3.189530, W, 55.944442, -3.189830, 2512.2, 2241.31
55.944442, -3.189830, E, 55.944442, -3.189530, 2512.2, 2240.06
55.944442, -3.189530, W, 55.944442, -3.189830, 2512.2, 2238.81
55.944442, -3.189830, E, 55.944442, -3.189530, 2512.2, 2237.56
55.944442, -3.189530, W, 55.944442, -3.189830, 2512.2, 2236.31
55.944442, -3.189830, E, 55.944442, -3.189530, 2512.2, 2235.06
55.944442, -3.189530, W, 55.944442, -3.189830, 2512.2, 2233.81
55.944442, -3.189830, E, 55.944442, -3.189530, 2512.2, 2232.56
55.944442, -3.189530, W, 55.944442, -3.189830, 2512.2, 2231.31
55.944442, -3.189830, E, 55.944442, -3.189530, 2512.2, 2230.06
55.944442, -3.189530, W, 55.944442, -3.189830, 2512.2, 2228.81
55.944442, -3.189830, E, 55.944442, -3.189530, 2512.2, 2227.56
55.944442, -3.189530, W, 55.944442, -3.189830, 2512.2, 2226.31
55.944442, -3.189830, E, 55.944442, -3.189530, 2512.2, 2225.06
55.944442, -3.189530, W, 55.944442, -3.189830, 2512.2, 2223.81
55.944442, -3.189830, E, 55.944442, -3.189530, 2512.2, 2222.56
55.944442, -3.189530, W, 55.944442, -3.189830, 2512.2, 2221.31
55.944442, -3.189830, E, 55.944442, -3.189530, 2512.2, 2220.06
55.944442, -3.189530, W, 55.944442, -3.189830, 2512.2, 2218.81
55.944442, -3.189830, E, 55.944442, -3.189530, 2512.2, 2217.56
55.944442, -3.189530, W, 55.944442, -3.189830, 2512.2, 2216.31
55.944442, -3.189830, E, 55.944442, -3.189530, 2512.2, 2215.06
55.944442, -3.189530, W, 55.944442, -3.189830, 2512.2, 2213.81
55.944442, -3.189830, E, 55.944442, -3.189530, 2512.2, 2212.56
55.944442, -3.189530, W, 55.944442, -3.189830, 2512.2, 2211.31
55.944442, -3.189830, E, 55.944442, -3.189530, 2512.2, 2210.06
55.944442, -3.189530, W, 55.944442, -3.189830, 2512.2, 2208.81
55.944442, -3.189830, E, 55.944442, -3.189530, 2512.2, 2207.56
55.944442, -3.189530, W, 55.944442, -3.189830, 2512.2, 2206.31
55.944442, -3.189830, E, 55.944442, -3.189530, 2512.2, 2205.06
55.944442, -3.189530, W, 55.944442, -3.189830, 2512.2, 2203.81
55.944442, -3.189830, E, 55.944442, -3.189530, 2512.2, 2202.56
55.944442, -3.189530, W, 55.944442, -3.189830, 2512.2, 2201.31
55.944442, -3.189830, E, 55.944442, -3.189530, 2512.2, 2200.06
55.944442, -3.189530, W, 55.944442, -3.189830, 2512.2, 2198.81
55.944442, -3.189830, E, 55.944442, -3.189530, 2512.2, 2197.56
55.944442, -3.189530, W, 55.944442, -3.189830, 2512.2, 2196.31
55.944442, -3.189830, E, 55.944442, -3.189530, 2512.2, 2195.06
55.944442, -3.189530, W, 55.944442, -3.189830, 2512.2, 2193.81
55.944442, -3.189830, E, 55.944442, -3.189530, 2512.2, 2192.56
55.944442, -3.189530, W, 55.944442, -3.189830, 2512.2, 2191.31
55.944442, -3.189830, E, 55.944442, -3.189530, 2512.2, 2190.06
55.944442, -3.189530, W, 55.944442, -3.189830, 2512.2, 2188.81
55.944442, -3.189830, E, 55.944442, -3.189530, 2512.2, 2187.56
55.944442, -3.189530, W, 55.944442, -3.189830, 2512.2, 2186.31
55.944442, -3.189830, E, 55.944442, -3.189530, 2512.2, 2185.06
55.944442, -3.189530, W, 55.944442, -3.189830, 2512.2, 2183.81
55.944442, -3.189830, E, 55.944442, -3.189530, 2512.2, 2182.56
55.944442, -3.189530, W, 55.944442, -3.189830, 2512.2, 2181.31
55.944442, -3.189830, E, 55.944442, -3.189530, 2512.2, 2180.06
55.944442, -3.189530, W, 55.944442, -3.189830, 2512.2, 2178.81
55.944442, -3.189830, E, 55.944442, -3.189530, 2512.2, 2177.56
55.944442, -3.189530, W, 55.944442, -3.189830, 2512.2, 2176.31
55.944442, -3.189830, E, 55.944442, -3.189530, 2512.2, 2175.06
55.944442, -3.189530, W, 55.944442, -3.189830, 2512.2, 2173.81
55.944442, -3.189830, E, 55.944442, -3.189530, 2512.2, 2172.56
55.944442, -3.189530, W, 55.944442, -3.189830, 2512.2, 2171.31
55.944442, -3.189830, E, 55.944442, -3.189530, 2512.2, 2170.06
55.944442, -3.189530, W, 55.944442, -3.189830, 2512.2, 2168.81

