55.945000, -3.189300, S, 55.944700, -3.189300, 0.0, 248.75
55.944700, -3.189300, S, 55.944400, -3.189300, 28.3, 308.93
55.944400, -3.189300, WNW, 55.944515, -3.189577, 28.3, 307.68
55.944515, -3.189577, WNW, 55.944630, -3.189854, 71.7, 395.88
55.944630, -3.189854, NNW, 55.944907, -3.189969, 71.7, 394.63
55.944907, -3.189969, NW, 55.945119, -3.190181, 71.7, 393.38
55.945119, -3.190181, NNW, 55.945396, -3.190296, 104.2, 459.88
55.945396, -3.190296, N, 55.945696, -3.190296, 104.2, 458.63
55.945696, -3.190296, NNW, 55.945973, -3.190411, 132.5, 529.85
55.945973, -3.190411, W, 55.945973, -3.190711, 132.5, 528.60
55.945973, -3.190711, W, 55.945973, -3.191011, 132.5, 527.35
55.945973, -3.191011, W, 55.945973, -3.191311, 234.2, 599.94
55.945973, -3.191311, NW, 55.946185, -3.191523, 304.6, 606.77
55.946185, -3.191523, W, 55.946185, -3.191823, 304.6, 605.52
55.946185, -3.191823, W, 55.946185, -3.192123, 309.3, 678.71
55.946185, -3.192123, S, 55.945885, -3.192123, 309.3, 677.46
55.945885, -3.192123, S, 55.945585, -3.192123, 381.2, 737.65
55.945585, -3.192123, ESE, 55.945471, -3.191846, 505.1, 795.99
55.945471, -3.191846, SSE, 55.945193, -3.191731, 505.1, 794.74
55.945193, -3.191731, S, 55.944893, -3.191731, 505.1, 793.49
55.944893, -3.191731, SSE, 55.944616, -3.191616, 505.1, 792.24
55.944616, -3.191616, S, 55.944316, -3.191616, 505.1, 790.99
55.944316, -3.191616, SSE, 55.944039, -3.191501, 505.1, 789.74
55.944039, -3.191501, S, 55.943739, -3.191501, 505.1, 788.49
55.943739, -3.191501, SSE, 55.943462, -3.191387, 541.8, 857.29
55.943462, -3.191387, SE, 55.943250, -3.191174, 571.4, 953.20
55.943250, -3.191174, E, 55.943250, -3.190874, 571.4, 951.95
55.943250, -3.190874, E, 55.943250, -3.190574, 571.4, 950.70
55.943250, -3.190574, E, 55.943250, -3.190274, 571.4, 949.45
55.943250, -3.190274, ENE, 55.943365, -3.189997, 571.4, 948.20
55.943365, -3.189997, E, 55.943365, -3.189697, 571.4, 946.95
55.943365, -3.189697, ENE, 55.943479, -3.189420, 609.7, 1044.51
55.943479, -3.189420, ENE, 55.943594, -3.189143, 609.7, 1043.26
55.943594, -3.189143, NE, 55.943806, -3.188931, 609.7, 1042.01
55.943806, -3.188931, ENE, 55.943921, -3.188654, 609.7, 1040.76
55.943921, -3.188654, NE, 55.944133, -3.188442, 664.5, 1110.23
55.944133, -3.188442, ESE, 55.944018, -3.188164, 664.5, 1108.98
55.944018, -3.188164, ESE, 55.943904, -3.187887, 676.1, 1173.32
55.943904, -3.187887, NNW, 55.944181, -3.188002, 676.1, 1172.07
55.944181, -3.188002, NNW, 55.944458, -3.188117, 676.1, 1170.82
55.944458, -3.188117, NW, 55.944670, -3.188329, 761.0, 1258.72
55.944670, -3.188329, NNW, 55.944947, -3.188444, 761.0, 1257.47
55.944947, -3.188444, N, 55.945247, -3.188444, 859.5, 1279.85
55.945247, -3.188444, N, 55.945547, -3.188444, 859.5, 1278.60
55.945547, -3.188444, NNW, 55.945824, -3.188559, 944.0, 1293.08
55.945824, -3.188559, WNW, 55.945939, -3.188836, 944.0, 1291.83
55.945939, -3.188836, WNW, 55.946054, -3.189113, 1024.4, 1362.19
55.946054, -3.189113, ESE, 55.945939, -3.188836, 1024.4, 1360.94
55.945939, -3.188836, ESE, 55.945824, -3.188559, 1024.4, 1359.69
55.945824, -3.188559, ESE, 55.945710, -3.188281, 1024.4, 1358.44
55.945710, -3.188281, ESE, 55.945595, -3.188004, 1024.4, 1357.19
55.945595, -3.188004, ESE, 55.945480, -3.187727, 1024.4, 1355.94
55.945480, -3.187727, ESE, 55.945365, -3.187450, 1024.4, 1354.69
55.945365, -3.187450, ESE, 55.945250, -3.187173, 1024.4, 1353.44
55.945250, -3.187173, ESE, 55.945136, -3.186896, 1098.7, 1399.55
55.945136, -3.186896, ESE, 55.945021, -3.186618, 1098.7, 1398.30
55.945021, -3.186618, E, 55.945021, -3.186318, 1133.3, 1485.98
55.945021, -3.186318, NNE, 55.945298, -3.186204, 1189.4, 1547.06
55.945298, -3.186204, ENE, 55.945413, -3.185926, 1189.4, 1545.81
55.945413, -3.185926, NE, 55.945625, -3.185714, 1276.7, 1578.44
55.945625, -3.185714, NE, 55.945837, -3.185502, 1330.9, 1595.29
55.945837, -3.185502, SW, 55.945625, -3.185714, 1330.9, 1594.04
55.945625, -3.185714, E, 55.945625, -3.185414, 1441.9, 1606.38
55.945625, -3.185414, NNE, 55.945902, -3.185300, 1474.7, 1623.03
55.945902, -3.185300, S, 55.945602, -3.185300, 1474.7, 1621.78
55.945602, -3.185300, S, 55.945302, -3.185300, 1493.4, 1728.09
55.945302, -3.185300, NE, 55.945514, -3.185087, 1493.4, 1726.84
55.945514, -3.185087, SE, 55.945302, -3.184875, 1448.6, 1672.85
55.945302, -3.184875, ENE, 55.945417, -3.184598, 1522.0, 1698.06
55.945417, -3.184598, S, 55.945117, -3.184598, 1626.0, 1788.32
55.945117, -3.184598, WSW, 55.945002, -3.184875, 1717.0, 1789.06
55.945002, -3.184875, WSW, 55.944887, -3.185152, 1717.0, 1787.81
55.944887, -3.185152, WSW, 55.944772, -3.185430, 1717.0, 1786.56
55.944772, -3.185430, WSW, 55.944658, -3.185707, 1717.0, 1785.31
55.944658, -3.185707, WSW, 55.944543, -3.185984, 1832.7, 1789.55
55.944543, -3.185984, S, 55.944243, -3.185984, 1833.7, 1795.64
55.944243, -3.185984, WSW, 55.944128, -3.186261, 1833.7, 1794.39
55.944128, -3.186261, WSW, 55.944013, -3.186538, 1838.1, 1873.43
55.944013, -3.186538, S, 55.943713, -3.186538, 1843.4, 1972.79
55.943713, -3.186538, SSW, 55.943436, -3.186653, 1843.4, 1971.54
55.943436, -3.186653, S, 55.943136, -3.186653, 1843.4, 1970.29
55.943136, -3.186653, SSW, 55.942859, -3.186768, 1901.4, 2064.76
55.942859, -3.186768, E, 55.942859, -3.186468, 1901.4, 2063.51
55.942859, -3.186468, E, 55.942859, -3.186168, 1901.4, 2062.26
55.942859, -3.186168, ESE, 55.942744, -3.185891, 1949.9, 2096.40
55.942744, -3.185891, NNE, 55.943021, -3.185776, 1949.9, 2095.15
55.943021, -3.185776, NNE, 55.943298, -3.185661, 2045.8, 2104.37
55.943298, -3.185661, E, 55.943298, -3.185361, 2045.8, 2103.12
55.943298, -3.185361, NW, 55.943511, -3.185573, 2045.8, 2101.87
55.943511, -3.185573, E, 55.943511, -3.185273, 2045.8, 2100.62
55.943511, -3.185273, W, 55.943511, -3.185573, 2045.8, 2099.37
55.943511, -3.185573, E, 55.943511, -3.185273, 2045.8, 2098.12
55.943511, -3.185273, W, 55.943511, -3.185573, 2045.8, 2096.87
55.943511, -3.185573, E, 55.943511, -3.185273, 2045.8, 2095.62
55.943511, -3.185273, W, 55.943511, -3.185573, 2045.8, 2094.37
55.943511, -3.185573, E, 55.943511, -3.185273, 2045.8, 2093.12
55.943511, -3.185273, W, 55.943511, -3.185573, 2045.8, 2091.87
55.943511, -3.185573, E, 55.943511, -3.185273, 2045.8, 2090.62
55.943511, -3.185273, W, 55.943511, -3.185573, 2045.8, 2089.37
55.943511, -3.185573, E, 55.943511, -3.185273, 2045.8, 2088.12
55.943511, -3.185273, W, 55.943511, -3.185573, 2045.8, 2086.87
55.943511, -3.185573, E, 55.943511, -3.185273, 2045.8, 2085.62
55.943511, -3.185273, W, 55.943511, -3.185573, 2045.8, 2084.37
55.943511, -3.185573, E, 55.943511, -3.185273, 2045.8, 2083.12
55.943511, -3.185273, W, 55.943511, -3.185573, 2045.8, 2081.87
55.943511, -3.185573, E, 55.943511, -3.185273, 2045.8, 2080.62
55.943511, -3.185273, W, 55.943511, -3.185573, 2045.8, 2079.37
55.943511, -3.185573, E, 55.943511, -3.185273, 2045.8, 2078.12
55.943511, -3.185273, W, 55.943511, -3.185573, 2045.8, 2076.87
55.943511, -3.185573, E, 55.943511, -3.185273, 2045.8, 2075.62
55.943511, -3.185273, W, 55.943511, -3.185573, 2045.8, 2074.37
55.943511, -3.185573, E, 55.943511, -3.185273, 2045.8, 2073.12
55.943511, -3.185273, W, 55.943511, -3.185573, 2045.8, 2071.87
55.943511, -3.185573, E, 55.943511, -3.185273, 2045.8, 2070.62
55.943511, -3.185273, W, 55.943511, -3.185573, 2045.8, 2069.37
55.943511, -3.185573, E, 55.943511, -3.185273, 2045.8, 2068.12
55.943511, -3.185273, W, 55.943511, -3.185573, 2045.8, 2066.87
55.943511, -3.185573, E, 55.943511, -3.185273, 2045.8, 2065.62
55.943511, -3.185273, W, 55.943511, -3.185573, 2045.8, 2064.37
55.943511, -3.185573, E, 55.943511, -3.185273, 2045.8, 2063.12
55.943511, -3.185273, W, 55.943511, -3.185573, 2045.8, 2061.87
55.943511, -3.185573, E, 55.943511, -3.185273, 2045.8, 2060.62
55.943511, -3.185273, W, 55.943511, -3.185573, 2045.8, 2059.37
55.943511, -3.185573, E, 55.943511, -3.185273, 2045.8, 2058.12
55.943511, -3.185273, W, 55.943511, -3.185573, 2045.8, 2056.87
55.943511, -3.185573, E, 55.943511, -3.185273, 2045.8, 2055.62
55.943511, -3.185273, W, 55.943511, -3.185573, 2045.8, 2054.37
55.943511, -3.185573, E, 55.943511, -3.185273, 2045.8, 2053.12
55.943511, -3.185273, W, 55.943511, -3.185573, 2045.8, 2051.87
55.943511, -3.185573, E, 55.943511, -3.185273, 2045.8, 2050.62
55.943511, -3.185273, W, 55.943511, -3.185573, 2045.8, 2049.37
55.943511, -3.185573, E, 55.943511, -3.185273, 2045.8, 2048.12
55.943511, -3.185273, W, 55.943511, -3.185573, 2045.8, 2046.87
55.943511, -3.185573, E, 55.943511, -3.185273, 2045.8, 2045.62
55.943511, -3.185273, W, 55.943511, -3.185573, 2045.8, 2044.37
55.943511, -3.185573, E, 55.943511, -3.185273, 2045.8, 2043.12
55.943511, -3.185273, W, 55.943511, -3.185573, 2045.8, 2041.87
55.943511, -3.185573, E, 55.943511, -3.185273, 2045.8, 2040.62
55.943511, -3.185273, W, 55.943511, -3.185573, 2045.8, 2039.37
55.943511, -3.185573, E, 55.943511, -3.185273, 2045.8, 2038.12
55.943511, -3.185273, W, 55.943511, -3.185573, 2045.8, 2036.87
55.943511, -3.185573, E, 55.943511, -3.185273, 2045.8, 2035.62
55.943511, -3.185273, W, 55.943511, -3.185573, 2045.8, 2034.37
55.943511, -3.185573, E, 55.943511, -3.185273, 2045.8, 2033.12
55.943511, -3.185273, W, 55.943511, -3.185573, 2045.8, 2031.87
55.943511, -3.185573, E, 55.943511, -3.185273, 2045.8, 2030.62
55.943511, -3.185273, W, 55.943511, -3.185573, 2045.8, 2029.37
55.943511, -3.185573, E, 55.943511, -3.185273, 2045.8, 2028.12
55.943511, -3.185273, W, 55.943511, -3.185573, 2045.8, 2026.87
55.943511, -3.185573, E, 55.943511, -3.185273, 2045.8, 2025.62
55.943511, -3.185273, W, 55.943511, -3.185573, 2045.8, 2024.37
55.943511, -3.185573, E, 55.943511, -3.185273, 2045.8, 2023.12
55.943511, -3.185273, W, 55.943511, -3.185573, 2045.8, 2021.87
55.943511, -3.185573, E, 55.943511, -3.185273, 2045.8, 2020.62
55.943511, -3.185273, W, 55.943511, -3.185573, 2045.8, 2019.37
55.943511, -3.185573, E, 55.943511, -3.185273, 2045.8, 2018.12
55.943511, -3.185273, W, 55.943511, -3.185573, 2045.8, 2016.87
55.943511, -3.185573, E, 55.943511, -3.185273, 2045.8, 2015.62
55.943511, -3.185273, W, 55.943511, -3.185573, 2045.8, 2014.37
55.943511, -3.185573, E, 55.943511, -3.185273, 2045.8, 2013.12
55.943511, -3.185273, W, 55.943511, -3.185573, 2045.8, 2011.87
55.943511, -3.185573, E, 55.943511, -3.185273, 2045.8, 2010.62
55.943511, -3.185273, W, 55.943511, -3.185573, 2045.8, 2009.37
55.943511, -3.185573, E, 55.943511, -3.185273, 2045.8, 2008.12
55.943511, -3.185273, W, 55.943511, -3.185573, 2045.8, 2006.87
55.943511, -3.185573, E, 55.943511, -3.185273, 2045.8, 2005.62
55.943511, -3.185273, W, 55.943511, -3.185573, 2045.8, 2004.37
55.943511, -3.185573, E, 55.943511, -3.185273, 2045.8, 2003.12
55.943511, -3.185273, W, 55.943511, -3.185573, 2045.8, 2001.87
55.943511, -3.185573, E, 55.943511, -3.185273, 2045.8, 2000.62
55.943511, -3.185273, W, 55.943511, -3.185573, 2045.8, 1999.37
55.943511, -3.185573, E, 55.943511, -3.185273, 2045.8, 1998.12
55.943511, -3.185273, W, 55.943511, -3.185573, 2045.8, 1996.87
55.943511, -3.185573, E, 55.943511, -3.185273, 2045.8, 1995.62
55.943511, -3.185273, W, 55.943511, -3.185573, 2045.8, 1994.37
55.943511, -3.185573, E, 55.943511, -3.185273, 2045.8, 1993.12
55.943511, -3.185273, W, 55.943511, -3.185573, 2045.8, 1991.87
55.943511, -3.185573, E, 55.943511, -3.185273, 2045.8, 1990.62
55.943511, -3.185273, W, 55.943511, -3.185573, 2045.8, 1989.37
55.943511, -3.185573, E, 55.943511, -3.185273, 2045.8, 1988.12
55.943511, -3.185273, W, 55.943511, -3.185573, 2045.8, 1986.87
55.943511, -3.185573, E, 55.943511, -3.185273, 2045.8, 1985.62
55.943511, -3.185273, W, 55.943511, -3.185573, 2045.8, 1984.37
55.943511, -3.185573, E, 55.943511, -3.185273, 2045.8, 1983.12
55.943511, -3.185273, W, 55.943511, -3.185573, 2045.8, 1981.87
55.943511, -3.185573, E, 55.943511, -3.185273, 2045.8, 1980.62
55.943511, -3.185273, W, 55.943511, -3.185573, 2045.8, 1979.37
55.943511, -3.185573, E, 55.943511, -3.185273, 2045.8, 1978.12
55.943511, -3.185273, W, 55.943511, -3.185573, 2045.8, 1976.87
55.943511, -3.185573, E, 55.943511, -3.185273, 2045.8, 1975.62
55.943511, -3.185273, W, 55.943511, -3.185573, 2045.8, 1974.37
55.943511, -3.185573, E, 55.943511, -3.185273, 2045.8, 1973.12
55.943511, -3.185273, W, 55.943511, -3.185573, 2045.8, 1971.87
55.943511, -3.185573, E, 55.943511, -3.185273, 2045.8, 1970.62
55.943511, -3.185273, W, 55.943511, -3.185573, 2045.8, 1969.37
55.943511, -3.185573, E, 55.943511, -3.185273, 2045.8, 1968.12
55.943511, -3.185273, W, 55.943511, -3.185573, 2045.8, 1966.87
55.943511, -3.185573, E, 55.943511, -3.185273, 2045.8, 1965.62
55.943511, -3.185273, W, 55.943511, -3.185573, 2045.8, 1964.37
55.943511, -3.185573, E, 55.943511, -3.185273, 2045.8, 1963.12
55.943511, -3.185273, W, 55.943511, -3.185573, 2045.8, 1961.87
55.943511, -3.185573, E, 55.943511, -3.185273, 2045.8, 1960.62
55.943511, -3.185273, W, 55.943511, -3.185573, 2045.8, 1959.37
55.943511, -3.185573, E, 55.943511, -3.185273, 2045.8, 1958.12
55.943511, -3.185273, W, 55.943511, -3.185573, 2045.8, 1956.87
55.943511, -3.185573, E, 55.943511, -3.185273, 2045.8, 1955.62
55.943511, -3.185273, W, 55.943511, -3.185573, 2045.8, 1954.37
55.943511, -3.185573, E, 55.943511, -3.185273, 2045.8, 1953.12
55.943511, -3.185273, W, 55.943511, -3.185573, 2045.8, 1951.87
55.943511, -3.185573, E, 55.943511, -3.185273, 2045.8, 1950.62
55.943511, -3.185273, W, 55.943511, -3.185573, 2045.8, 1949.37
55.943511, -3.185573, E, 55.943511, -3.185273, 2045.8, 1948.12
55.943511, -3.185273, W, 55.943511, -3.185573, 2045.8, 1946.87
55.943511, -3.185573, E, 55.943511, -3.185273, 2045.8, 1945.62
55.943511, -3.185273, W, 55.943511, -3.185573, 2045.8, 1944.37
55.943511, -3.185573, E, 55.943511, -3.185273, 2045.8, 1943.12
55.943511, -3.185273, W, 55.943511, -3.185573, 2045.8, 1941.87
55.943511, -3.185573, E, 55.943511, -3.185273, 2045.8, 1940.62
55.943511, -3.185273, W, 55.943511, -3.185573, 2045.8, 1939.37
55.943511, -3.185573, E, 55.943511, -3.185273, 2045.8, 1938.12
55.943511, -3.185273, W, 55.943511, -3.185573, 2045.8, 1936.87
55.943511, -3.185573, E, 55.943511, -3.185273, 2045.8, 1935.62
55.943511, -3.185273, W, 55.943511, -3.185573, 2045.8, 1934.37
55.943511, -3.185573, E, 55.943511, -3.185273, 2045.8, 1933.12
55.943511, -3.185273, W, 55.943511, -3.185573, 2045.8, 1931.87
55.943511, -3.185573, E, 55.943511, -3.185273, 2045.8, 1930.62
55.943511, -3.185273, W, 55.943511, -3.185573, 2045.8, 1929.37
55.943511, -3.185573, E, 55.943511, -3.185273, 2045.8, 1928.12
55.943511, -3.185273, W, 55.943511, -3.185573, 2045.8, 1926.87
55.943511, -3.185573, E, 55.943511, -3.185273, 2045.8, 1925.62
55.943511, -3.185273, W, 55.943511, -3.185573, 2045.8, 1924.37
55.943511, -3.185573, E, 55.943511, -3.185273, 2045.8, 1923.12
55.943511, -3.185273, W, 55.943511, -3.185573, 2045.8, 1921.87
55.943511, -3.185573, E, 55.943511, -3.185273, 2045.8, 1920.62
55.943511, -3.185273, W, 55.943511, -3.185573, 2045.8, 1919.37
55.943511, -3.185573, E, 55.943511, -3.185273, 2045.8, 1918.12
55.943511, -3.185273, W, 55.943511, -3.185573, 2045.8, 1916.87
55.943511, -3.185573, E, 55.943511, -3.185273, 2045.8, 1915.62
55.943511, -3.185273, W, 55.943511, -3.185573, 2045.8, 1914.37
55.943511, -3.185573, E, 55.943511, -3.185273, 2045.8, 1913.12
55.943511, -3.185273, W, 55.943511, -3.185573, 2045.8, 1911.87
55.943511, -3.185573, E, 55.943511, -3.185273, 2045.8, 1910.62
55.943511, -3.185273, W, 55.943511, -3.185573, 2045.8, 1909.37
55.943511, -3.185573, E, 55.943511, -3.185273, 2045.8, 1908.12
55.943511, -3.185273, W, 55.943511, -3.185573, 2045.8, 1906.87
55.943511, -3.185573, E, 55.943511, -3.185273, 2045.8, 1905.62
55.943511, -3.185273, W, 55.943511, -3.185573, 2045.8, 1904.37
55.943511, -3.185573, E, 55.943511, -3.185273, 2045.8, 1903.12
55.943511, -3.185273, W, 55.943511, -3.185573, 2045.8, 1901.87
55.943511, -3.185573, E, 55.943511, -3.185273, 2045.8, 1900.62

