55.944425, -3.188396, SSW, 55.944148, -3.188511, 0.0, 248.75
55.944148, -3.188511, WSW, 55.944033, -3.188788, 96.7, 273.14
55.944033, -3.188788, WSW, 55.943918, -3.189065, 139.2, 325.97
55.943918, -3.189065, W, 55.943918, -3.189365, 221.4, 333.11
55.943918, -3.189365, NNW, 55.944195, -3.189480, 221.4, 331.86
55.944195, -3.189480, NNW, 55.944473, -3.189595, 221.4, 330.61
55.944473, -3.189595, NNE, 55.944750, -3.189480, 305.0, 379.45
55.944750, -3.189480, ENE, 55.944865, -3.189203, 305.0, 378.20
55.944865, -3.189203, ENE, 55.944979, -3.188926, 399.6, 411.25
55.944979, -3.188926, E, 55.944979, -3.188626, 399.6, 410.00
55.944979, -3.188626, E, 55.944979, -3.188326, 399.6, 408.75
55.944979, -3.188326, E, 55.944979, -3.188026, 465.5, 527.75
55.944979, -3.188026, E, 55.944979, -3.187726, 542.8, 638.20
55.944979, -3.187726, S, 55.944679, -3.187726, 547.1, 641.49
55.944679, -3.187726, ESE, 55.944565, -3.187448, 547.1, 640.24
55.944565, -3.187448, E, 55.944565, -3.187148, 547.1, 638.99
55.944565, -3.187148, E, 55.944565, -3.186848, 582.9, 646.71
55.944565, -3.186848, ESE, 55.944450, -3.186571, 582.9, 645.46
55.944450, -3.186571, E, 55.944450, -3.186271, 691.0, 724.11
55.944450, -3.186271, E, 55.944450, -3.185971, 726.1, 726.17
55.944450, -3.185971, ENE, 55.944565, -3.185694, 726.1, 724.92
55.944565, -3.185694, E, 55.944565, -3.185394, 827.8, 832.97
55.944565, -3.185394, SW, 55.944352, -3.185606, 827.8, 831.72
55.944352, -3.185606, WSW, 55.944238, -3.185883, 830.0, 884.78
55.944238, -3.185883, S, 55.943938, -3.185883, 830.0, 883.53
55.943938, -3.185883, SE, 55.943725, -3.185671, 830.0, 882.28
55.943725, -3.185671, SSW, 55.943448, -3.185786, 830.0, 881.03
55.943448, -3.185786, SW, 55.943236, -3.185998, 949.4, 975.18
55.943236, -3.185998, W, 55.943236, -3.186298, 972.7, 1041.73
55.943236, -3.186298, WNW, 55.943351, -3.186575, 972.7, 1040.48
55.943351, -3.186575, WNW, 55.943466, -3.186853, 1071.8, 1146.48
55.943466, -3.186853, SW, 55.943254, -3.187065, 1071.8, 1145.23
55.943254, -3.187065, SW, 55.943042, -3.187277, 1071.8, 1143.98
55.943042, -3.187277, WSW, 55.942927, -3.187554, 1164.1, 1236.80
55.942927, -3.187554, W, 55.942927, -3.187854, 1164.1, 1235.55
55.942927, -3.187854, WNW, 55.943042, -3.188131, 1168.2, 1246.28
55.943042, -3.188131, W, 55.943042, -3.188431, 1193.5, 1347.05
55.943042, -3.188431, NE, 55.943254, -3.188219, 1211.6, 1360.38
55.943254, -3.188219, WSW, 55.943139, -3.188496, 1211.6, 1359.13
55.943139, -3.188496, WSW, 55.943024, -3.188773, 1211.6, 1357.88
55.943024, -3.188773, WSW, 55.942909, -3.189050, 1211.6, 1356.63
55.942909, -3.189050, W, 55.942909, -3.189350, 1329.3, 1383.23
55.942909, -3.189350, NW, 55.943121, -3.189563, 1329.3, 1381.98
55.943121, -3.189563, NW, 55.943333, -3.189775, 1329.3, 1380.73
55.943333, -3.189775, NW, 55.943546, -3.189987, 1329.3, 1379.48
55.943546, -3.189987, NW, 55.943758, -3.190199, 1329.3, 1378.23
55.943758, -3.190199, NW, 55.943970, -3.190411, 1329.3, 1376.98
55.943970, -3.190411, NW, 55.944182, -3.190623, 1329.3, 1375.73
55.944182, -3.190623, NW, 55.944394, -3.190835, 1329.3, 1374.48
55.944394, -3.190835, NW, 55.944606, -3.191048, 1329.3, 1373.23
55.944606, -3.191048, NNE, 55.944883, -3.190933, 1382.1, 1460.83
55.944883, -3.190933, NNW, 55.945161, -3.191048, 1382.1, 1459.58
55.945161, -3.191048, N, 55.945461, -3.191048, 1456.3, 1508.38
55.945461, -3.191048, ENE, 55.945575, -3.190770, 1550.5, 1545.30
55.945575, -3.190770, NNE, 55.945853, -3.190656, 1550.5, 1544.05
55.945853, -3.190656, ENE, 55.945967, -3.190378, 1673.2, 1581.28
55.945967, -3.190378, WSW, 55.945853, -3.190656, 1673.2, 1580.03
55.945853, -3.190656, W, 55.945853, -3.190956, 1673.2, 1578.78
55.945853, -3.190956, WSW, 55.945738, -3.191233, 1673.2, 1577.53
55.945738, -3.191233, WSW, 55.945623, -3.191510, 1673.2, 1576.28
55.945623, -3.191510, WNW, 55.945738, -3.191787, 1780.7, 1614.23
55.945738, -3.191787, WSW, 55.945623, -3.192064, 1780.7, 1612.98
55.945623, -3.192064, W, 55.945623, -3.192364, 1901.2, 1672.00
55.945623, -3.192364, SSE, 55.945346, -3.192249, 1901.2, 1670.75
55.945346, -3.192249, SSE, 55.945069, -3.192135, 1901.2, 1669.50
55.945069, -3.192135, SSE, 55.944791, -3.192020, 1901.2, 1668.25
55.944791, -3.192020, S, 55.944491, -3.192020, 1998.0, 1786.53
55.944491, -3.192020, SSW, 55.944214, -3.192135, 1998.0, 1785.28
55.944214, -3.192135, SSW, 55.943937, -3.192249, 1998.0, 1784.03
55.943937, -3.192249, SSW, 55.943660, -3.192364, 1998.0, 1782.78
55.943660, -3.192364, S, 55.943360, -3.192364, 2068.5, 1869.45
55.943360, -3.192364, ENE, 55.943475, -3.192087, 2068.5, 1868.20
55.943475, -3.192087, ENE, 55.943590, -3.191810, 2068.5, 1866.95
55.943590, -3.191810, ENE, 55.943704, -3.191533, 2068.5, 1865.70
55.943704, -3.191533, ENE, 55.943819, -3.191256, 2068.5, 1864.45
55.943819, -3.191256, ENE, 55.943934, -3.190978, 2068.5, 1863.20
55.943934, -3.190978, ENE, 55.944049, -3.190701, 2068.5, 1861.95
55.944049, -3.190701, ENE, 55.944164, -3.190424, 2068.5, 1860.70
55.944164, -3.190424, ENE, 55.944278, -3.190147, 2068.5, 1859.45
55.944278, -3.190147, ENE, 55.944393, -3.189870, 2068.5, 1858.20
55.944393, -3.189870, ENE, 55.944508, -3.189593, 2068.5, 1856.95
55.944508, -3.189593, NE, 55.944720, -3.189380, 2068.5, 1855.70
55.944720, -3.189380, ENE, 55.944835, -3.189103, 2068.5, 1854.45
55.944835, -3.189103, NE, 55.945047, -3.188891, 2068.5, 1853.20
55.945047, -3.188891, ENE, 55.945162, -3.188614, 2068.5, 1851.95
55.945162, -3.188614, NE, 55.945374, -3.188402, 2068.5, 1850.70
55.945374, -3.188402, NE, 55.945586, -3.188190, 2068.5, 1849.45
55.945586, -3.188190, ENE, 55.945701, -3.187913, 2068.5, 1848.20
55.945701, -3.187913, ENE, 55.945816, -3.187635, 2068.5, 1846.95
55.945816, -3.187635, ENE, 55.945931, -3.187358, 2093.4, 1903.48
55.945931, -3.187358, E, 55.945931, -3.187058, 2093.4, 1902.23
55.945931, -3.187058, E, 55.945931, -3.186758, 2093.4, 1900.98
55.945931, -3.186758, E, 55.945931, -3.186458, 2212.7, 2017.93
55.945931, -3.186458, ESE, 55.945816, -3.186181, 2212.7, 2016.68
55.945816, -3.186181, ESE, 55.945701, -3.185904, 2212.7, 2015.43
55.945701, -3.185904, ESE, 55.945586, -3.185627, 2212.7, 2014.18
55.945586, -3.185627, ESE, 55.945471, -3.185350, 2212.7, 2012.93
55.945471, -3.185350, E, 55.945471, -3.185050, 2215.8, 2052.64
55.945471, -3.185050, ENE, 55.945586, -3.184772, 2235.8, 2098.95
55.945586, -3.184772, NE, 55.945798, -3.184560, 2317.6, 2217.09
55.945798, -3.184560, NE, 55.946010, -3.184348, 2344.6, 2248.47
55.946010, -3.184348, S, 55.945710, -3.184348, 2344.6, 2247.22
55.945710, -3.184348, SSW, 55.945433, -3.184463, 2344.6, 2245.97
55.945433, -3.184463, SW, 55.945221, -3.184675, 2376.4, 2274.82
55.945221, -3.184675, S, 55.944921, -3.184675, 2492.1, 2322.85
55.944921, -3.184675, E, 55.944921, -3.184375, 2492.1, 2321.60
55.944921, -3.184375, W, 55.944921, -3.184675, 2492.1, 2320.35
55.944921, -3.184675, E, 55.944921, -3.184375, 2492.1, 2319.10
55.944921, -3.184375, W, 55.944921, -3.184675, 2492.1, 2317.85
55.944921, -3.184675, E, 55.944921, -3.184375, 2492.1, 2316.60
55.944921, -3.184375, W, 55.944921, -3.184675, 2492.1, 2315.35
55.944921, -3.184675, E, 55.944921, -3.184375, 2492.1, 2314.10
55.944921, -3.184375, W, 55.944921, -3.184675, 2492.1, 2312.85
55.944921, -3.184675, E, 55.944921, -3.184375, 2492.1, 2311.60
55.944921, -3.184375, W, 55.944921, -3.184675, 2492.1, 2310.35
55.944921, -3.184675, E, 55.944921, -3.184375, 2492.1, 2309.10
55.944921, -3.184375, W, 55.944921, -3.184675, 2492.1, 2307.85
55.944921, -3.184675, E, 55.944921, -3.184375, 2492.1, 2306.60
55.944921, -3.184375, W, 55.944921, -3.184675, 2492.1, 2305.35
55.944921, -3.184675, E, 55.944921, -3.184375, 2492.1, 2304.10
55.944921, -3.184375, W, 55.944921, -3.184675, 2492.1, 2302.85
55.944921, -3.184675, E, 55.944921, -3.184375, 2492.1, 2301.60
55.944921, -3.184375, W, 55.944921, -3.184675, 2492.1, 2300.35
55.944921, -3.184675, E, 55.944921, -3.184375, 2492.1, 2299.10
55.944921, -3.184375, W, 55.944921, -3.184675, 2492.1, 2297.85
55.944921, -3.184675, E, 55.944921, -3.184375, 2492.1, 2296.60
55.944921, -3.184375, W, 55.944921, -3.184675, 2492.1, 2295.35
55.944921, -3.184675, E, 55.944921, -3.184375, 2492.1, 2294.10
55.944921, -3.184375, W, 55.944921, -3.184675, 2492.1, 2292.85
55.944921, -3.184675, E, 55.944921, -3.184375, 2492.1, 2291.60
55.944921, -3.184375, W, 55.944921, -3.184675, 2492.1, 2290.35
55.944921, -3.184675, E, 55.944921, -3.184375, 2492.1, 2289.10
55.944921, -3.184375, W, 55.944921, -3.184675, 2492.1, 2287.85
55.944921, -3.184675, E, 55.944921, -3.184375, 2492.1, 2286.60
55.944921, -3.184375, W, 55.944921, -3.184675, 2492.1, 2285.35
55.944921, -3.184675, E, 55.944921, -3.184375, 2492.1, 2284.10
55.944921, -3.184375, W, 55.944921, -3.184675, 2492.1, 2282.85
55.944921, -3.184675, E, 55.944921, -3.184375, 2492.1, 2281.60
55.944921, -3.184375, W, 55.944921, -3.184675, 2492.1, 2280.35
55.944921, -3.184675, E, 55.944921, -3.184375, 2492.1, 2279.10
55.944921, -3.184375, W, 55.944921, -3.184675, 2492.1, 2277.85
55.944921, -3.184675, E, 55.944921, -3.184375, 2492.1, 2276.60
55.944921, -3.184375, W, 55.944921, -3.184675, 2492.1, 2275.35
55.944921, -3.184675, E, 55.944921, -3.184375, 2492.1, 2274.10
55.944921, -3.184375, W, 55.944921, -3.184675, 2492.1, 2272.85
55.944921, -3.184675, E, 55.944921, -3.184375, 2492.1, 2271.60
55.944921, -3.184375, W, 55.944921, -3.184675, 2492.1, 2270.35
55.944921, -3.184675, E, 55.944921, -3.184375, 2492.1, 2269.10
55.944921, -3.184375, W, 55.944921, -3.184675, 2492.1, 2267.85
55.944921, -3.184675, E, 55.944921, -3.184375, 2492.1, 2266.60
55.944921, -3.184375, W, 55.944921, -3.184675, 2492.1, 2265.35
55.944921, -3.184675, E, 55.944921, -3.184375, 2492.1, 2264.10
55.944921, -3.184375, W, 55.944921, -3.184675, 2492.1, 2262.85
55.944921, -3.184675, E, 55.944921, -3.184375, 2492.1, 2261.60
55.944921, -3.184375, W, 55.944921, -3.184675, 2492.1, 2260.35
55.944921, -3.184675, E, 55.944921, -3.184375, 2492.1, 2259.10
55.944921, -3.184375, W, 55.944921, -3.184675, 2492.1, 2257.85
55.944921, -3.184675, E, 55.944921, -3.184375, 2492.1, 2256.60
55.944921, -3.184375, W, 55.944921, -3.184675, 2492.1, 2255.35
55.944921, -3.184675, E, 55.944921, -3.184375, 2492.1, 2254.10
55.944921, -3.184375, W, 55.944921, -3.184675, 2492.1, 2252.85
55.944921, -3.184675, E, 55.944921, -3.184375, 2492.1, 2251.60
55.944921, -3.184375, W, 55.944921, -3.184675, 2492.1, 2250.35
55.944921, -3.184675, E, 55.944921, -3.184375, 2492.1, 2249.10
55.944921, -3.184375, W, 55.944921, -3.184675, 2492.1, 2247.85
55.944921, -3.184675, E, 55.944921, -3.184375, 2492.1, 2246.60
55.944921, -3.184375, W, 55.944921, -3.184675, 2492.1, 2245.35
55.944921, -3.184675, E, 55.944921, -3.184375, 2492.1, 2244.10
55.944921, -3.184375, W, 55.944921, -3.184675, 2492.1, 2242.85
55.944921, -3.184675, E, 55.944921, -3.184375, 2492.1, 2241.60
55.944921, -3.184375, W, 55.944921, -3.184675, 2492.1, 2240.35
55.944921, -3.184675, E, 55.944921, -3.184375, 2492.1, 2239.10
55.944921, -3.184375, W, 55.944921, -3.184675, 2492.1, 2237.85
55.944921, -3.184675, E, 55.944921, -3.184375, 2492.1, 2236.60
55.944921, -3.184375, W, 55.944921, -3.184675, 2492.1, 2235.35
55.944921, -3.184675, E, 55.944921, -3.184375, 2492.1, 2234.10
55.944921, -3.184375, W, 55.944921, -3.184675, 2492.1, 2232.85
55.944921, -3.184675, E, 55.944921, -3.184375, 2492.1, 2231.60
55.944921, -3.184375, W, 55.944921, -3.184675, 2492.1, 2230.35
55.944921, -3.184675, E, 55.944921, -3.184375, 2492.1, 2229.10
55.944921, -3.184375, W, 55.944921, -3.184675, 2492.1, 2227.85
55.944921, -3.184675, E, 55.944921, -3.184375, 2492.1, 2226.60
55.944921, -3.184375, W, 55.944921, -3.184675, 2492.1, 2225.35
55.944921, -3.184675, E, 55.944921, -3.184375, 2492.1, 2224.10
55.944921, -3.184375, W, 55.944921, -3.184675, 2492.1, 2222.85
55.944921, -3.184675, E, 55.944921, -3.184375, 2492.1, 2221.60
55.944921, -3.184375, W, 55.944921, -3.184675, 2492.1, 2220.35
55.944921, -3.184675, E, 55.944921, -3.184375, 2492.1, 2219.10
55.944921, -3.184375, W, 55.944921, -3.184675, 2492.1, 2217.85
55.944921, -3.184675, E, 55.944921, -3.184375, 2492.1, 2216.60
55.944921, -3.184375, W, 55.944921, -3.184675, 2492.1, 2215.35
55.944921, -3.184675, E, 55.944921, -3.184375, 2492.1, 2214.10
55.944921, -3.184375, W, 55.944921, -3.184675, 2492.1, 2212.85
55.944921, -3.184675, E, 55.944921, -3.184375, 2492.1, 2211.60
55.944921, -3.184375, W, 55.944921, -3.184675, 2492.1, 2210.35
55.944921, -3.184675, E, 55.944921, -3.184375, 2492.1, 2209.10
55.944921, -3.184375, W, 55.944921, -3.184675, 2492.1, 2207.85
55.944921, -3.184675, E, 55.944921, -3.184375, 2492.1, 2206.60
55.944921, -3.184375, W, 55.944921, -3.184675, 2492.1, 2205.35
55.944921, -3.184675, E, 55.944921, -3.184375, 2492.1, 2204.10
55.944921, -3.184375, W, 55.944921, -3.184675, 2492.1, 2202.85
55.944921, -3.184675, E, 55.944921, -3.184375, 2492.1, 2201.60
55.944921, -3.184375, W, 55.944921, -3.184675, 2492.1, 2200.35
55.944921, -3.184675, E, 55.944921, -3.184375, 2492.1, 2199.10
55.944921, -3.184375, W, 55.944921, -3.184675, 2492.1, 2197.85
55.944921, -3.184675, E, 55.944921, -3.184375, 2492.1, 2196.60
55.944921, -3.184375, W, 55.944921, -3.184675, 2492.1, 2195.35
55.944921, -3.184675, E, 55.944921, -3.184375, 2492.1, 2194.10
55.944921, -3.184375, W, 55.944921, -3.184675, 2492.1, 2192.85
55.944921, -3.184675, E, 55.944921, -3.184375, 2492.1, 2191.60
55.944921, -3.184375, W, 55.944921, -3.184675, 2492.1, 2190.35
55.944921, -3.184675, E, 55.944921, -3.184375, 2492.1, 2189.10
55.944921, -3.184375, W, 55.944921, -3.184675, 2492.1, 2187.85
55.944921, -3.184675, E, 55.944921, -3.184375, 2492.1, 2186.60
55.944921, -3.184375, W, 55.944921, -3.184675, 2492.1, 2185.35
55.944921, -3.184675, E, 55.944921, -3.184375, 2492.1, 2184.10
55.944921, -3.184375, W, 55.944921, -3.184675, 2492.1, 2182.85
55.944921, -3.184675, E, 55.944921, -3.184375, 2492.1, 2181.60
55.944921, -3.184375, W, 55.944921, -3.184675, 2492.1, 2180.35
55.944921, -3.184675, E, 55.944921, -3.184375, 2492.1, 2179.10
55.944921, -3.184375, W, 55.944921, -3.184675, 2492.1, 2177.85
55.944921, -3.184675, E, 55.944921, -3.184375, 2492.1, 2176.60
55.944921, -3.184375, W, 55.944921, -3.184675, 2492.1, 2175.35
55.944921, -3.184675, E, 55.944921, -3.184375, 2492.1, 2174.10
55.944921, -3.184375, W, 55.944921, -3.184675, 2492.1, 2172.85
55.944921, -3.184675, E, 55.944921, -3.184375, 2492.1, 2171.60
55.944921, -3.184375, W, 55.944921, -3.184675, 2492.1, 2170.35
55.944921, -3.184675, E, 55.944921, -3.184375, 2492.1, 2169.10
55.944921, -3.184375, W, 55.944921, -3.184675, 2492.1, 2167.85
55.944921, -3.184675, E, 55.944921, -3.184375, 2492.1, 2166.60
55.944921, -3.184375, W, 55.944921, -3.184675, 2492.1, 2165.35
55.944921, -3.184675, E, 55.944921, -3.184375, 2492.1, 2164.10
55.944921, -3.184375, W, 55.944921, -3.184675, 2492.1, 2162.85
55.944921, -3.184675, E, 55.944921, -3.184375, 2492.1, 2161.60
55.944921, -3.184375, W, 55.944921, -3.184675, 2492.1, 2160.35
55.944921, -3.184675, E, 55.944921, -3.184375, 2492.1, 2159.10
55.944921, -3.184375, W, 55.944921, -3.184675, 2492.1, 2157.85
55.944921, -3.184675, E, 55.944921, -3.184375, 2492.1, 2156.60
55.944921, -3.184375, W, 55.944921, -3.184675, 2492.1, 2155.35
55.944921, -3.184675, E, 55.944921, -3.184375, 2492.1, 2154.10
55.944921, -3.184375, W, 55.944921, -3.184675, 2492.1, 2152.85
55.944921, -3.184675, E, 55.944921, -3.184375, 2492.1, 2151.60
55.944921, -3.184375, W, 55.944921, -3.184675, 2492.1, 2150.35
55.944921, -3.184675, E, 55.944921, -3.184375, 2492.1, 2149.10
55.944921, -3.184375, W, 55.944921, -3.184675, 2492.1, 2147.85
55.944921, -3.184675, E, 55.944921, -3.184375, 2492.1, 2146.60
55.944921, -3.184375, W, 55.944921, -3.184675, 2492.1, 2145.35
55.944921, -3.184675, E, 55.944921, -3.184375, 2492.1, 2144.10
55.944921, -3.184375, W, 55.944921, -3.184675, 2492.1, 2142.85
55.944921, -3.184675, E, 55.944921, -3.184375, 2492.1, 2141.60

