55.943700, -3.189300, SSW, 55.943423, -3.189415, 50.9, 330.95
55.943423, -3.189415, SSW, 55.943146, -3.189530, 139.1, 363.95
55.943146, -3.189530, S, 55.942846, -3.189530, 232.0, 471.27
55.942846, -3.189530, E, 55.942846, -3.189230, 232.0, 470.02
55.942846, -3.189230, E, 55.942846, -3.188930, 243.9, 592.63
55.942846, -3.188930, ENE, 55.942960, -3.188652, 322.5, 605.58
55.942960, -3.188652, E, 55.942960, -3.188352, 322.5, 604.33
55.942960, -3.188352, ENE, 55.943075, -3.188075, 322.5, 603.08
55.943075, -3.188075, E, 55.943075, -3.187775, 405.1, 720.22
55.943075, -3.187775, NNE, 55.943352, -3.187660, 405.1, 718.97
55.943352, -3.187660, NE, 55.943565, -3.187448, 446.6, 764.45
55.943565, -3.187448, NW, 55.943777, -3.187660, 446.6, 763.20
55.943777, -3.187660, NW, 55.943989, -3.187873, 446.6, 761.95
55.943989, -3.187873, NW, 55.944201, -3.188085, 446.6, 760.70
55.944201, -3.188085, NW, 55.944413, -3.188297, 549.4, 839.43
55.944413, -3.188297, W, 55.944413, -3.188597, 549.4, 838.18
55.944413, -3.188597, W, 55.944413, -3.188897, 651.7, 903.08
55.944413, -3.188897, NNE, 55.944690, -3.188782, 651.7, 901.83
55.944690, -3.188782, NNE, 55.944967, -3.188667, 651.7, 900.58
55.944967, -3.188667, N, 55.945267, -3.188667, 651.7, 899.33
55.945267, -3.188667, NNE, 55.945545, -3.188552, 651.7, 898.08
55.945545, -3.188552, N, 55.945845, -3.188552, 651.7, 896.83
55.945845, -3.188552, ENE, 55.945959, -3.188275, 651.7, 895.58
55.945959, -3.188275, NW, 55.946172, -3.188487, 736.6, 981.47
55.946172, -3.188487, ESE, 55.946057, -3.188210, 736.6, 980.22
55.946057, -3.188210, SSE, 55.945780, -3.188095, 736.6, 978.97
55.945780, -3.188095, NNE, 55.946057, -3.187981, 736.6, 977.72
55.946057, -3.187981, ESE, 55.945942, -3.187703, 736.6, 976.47
55.945942, -3.187703, ESE, 55.945827, -3.187426, 778.8, 1025.27
55.945827, -3.187426, ENE, 55.945942, -3.187149, 778.8, 1024.02
55.945942, -3.187149, ENE, 55.946057, -3.186872, 792.7, 1024.51
55.946057, -3.186872, E, 55.946057, -3.186572, 792.7, 1023.26
55.946057, -3.186572, E, 55.946057, -3.186272, 879.9, 1058.35
55.946057, -3.186272, E, 55.946057, -3.185972, 879.9, 1057.10
55.946057, -3.185972, ENE, 55.946172, -3.185695, 879.9, 1055.85
55.946172, -3.185695, E, 55.946172, -3.185395, 942.0, 1155.17
55.946172, -3.185395, E, 55.946172, -3.185095, 942.0, 1153.92
55.946172, -3.185095, E, 55.946172, -3.184795, 1038.5, 1234.41
55.946172, -3.184795, S, 55.945872, -3.184795, 1038.5, 1233.16
55.945872, -3.184795, S, 55.945572, -3.184795, 1038.5, 1231.91
55.945572, -3.184795, S, 55.945272, -3.184795, 1038.5, 1230.66
55.945272, -3.184795, S, 55.944972, -3.184795, 1044.9, 1291.21
55.944972, -3.184795, ESE, 55.944857, -3.184518, 1095.3, 1408.28
55.944857, -3.184518, SSW, 55.944580, -3.184632, 1161.7, 1482.99
55.944580, -3.184632, SW, 55.944367, -3.184845, 1161.7, 1481.74
55.944367, -3.184845, SSW, 55.944090, -3.184959, 1193.7, 1494.98
55.944090, -3.184959, W, 55.944090, -3.185259, 1202.6, 1516.16
55.944090, -3.185259, S, 55.943790, -3.185259, 1322.4, 1629.49
55.943790, -3.185259, SE, 55.943578, -3.185047, 1322.4, 1628.24
55.943578, -3.185047, ENE, 55.943693, -3.184770, 1362.1, 1749.22
55.943693, -3.184770, SSW, 55.943416, -3.184885, 1362.1, 1747.97
55.943416, -3.184885, SSW, 55.943139, -3.185000, 1362.1, 1746.72
55.943139, -3.185000, SW, 55.942926, -3.185212, 1468.0, 1854.01
55.942926, -3.185212, SW, 55.942714, -3.185424, 1468.0, 1852.76
55.942714, -3.185424, W, 55.942714, -3.185724, 1499.1, 1863.19
55.942714, -3.185724, NNW, 55.942992, -3.185839, 1499.1, 1861.94
55.942992, -3.185839, NNW, 55.943269, -3.185954, 1499.1, 1860.69
55.943269, -3.185954, NNW, 55.943546, -3.186068, 1499.1, 1859.44
55.943546, -3.186068, NNE, 55.943823, -3.185954, 1499.1, 1858.19
55.943823, -3.185954, NNW, 55.944100, -3.186068, 1499.1, 1856.94
55.944100, -3.186068, NNW, 55.944377, -3.186183, 1516.3, 1939.18
55.944377, -3.186183, WSW, 55.944263, -3.186460, 1516.3, 1937.93
55.944263, -3.186460, WSW, 55.944148, -3.186738, 1516.3, 1936.68
55.944148, -3.186738, W, 55.944148, -3.187038, 1516.3, 1935.43
55.944148, -3.187038, WSW, 55.944033, -3.187315, 1516.3, 1934.18
55.944033, -3.187315, W, 55.944033, -3.187615, 1516.3, 1932.93
55.944033, -3.187615, WSW, 55.943918, -3.187892, 1516.3, 1931.68
55.943918, -3.187892, W, 55.943918, -3.188192, 1516.3, 1930.43
55.943918, -3.188192, WSW, 55.943803, -3.188469, 1516.3, 1929.18
55.943803, -3.188469, NW, 55.944015, -3.188681, 1516.3, 1927.93
55.944015, -3.188681, NW, 55.944228, -3.188893, 1516.3, 1926.68
55.944228, -3.188893, WSW, 55.944113, -3.189170, 1516.3, 1925.43
55.944113, -3.189170, WSW, 55.943998, -3.189448, 1516.3, 1924.18
55.943998, -3.189448, WSW, 55.943883, -3.189725, 1516.3, 1922.93
55.943883, -3.189725, WSW, 55.943768, -3.190002, 1516.3, 1921.68
55.943768, -3.190002, SW, 55.943556, -3.190214, 1516.3, 1920.43
55.943556, -3.190214, WSW, 55.943441, -3.190491, 1557.8, 1999.99
55.943441, -3.190491, S, 55.943141, -3.190491, 1659.4, 2111.06
55.943141, -3.190491, WNW, 55.943256, -3.190768, 1659.4, 2109.81
55.943256, -3.190768, W, 55.943256, -3.191068, 1702.3, 2145.02
55.943256, -3.191068, WSW, 55.943141, -3.191346, 1702.3, 2143.77
55.943141, -3.191346, SW, 55.942929, -3.191558, 1702.3, 2142.52
55.942929, -3.191558, WSW, 55.942814, -3.191835, 1777.3, 2181.86
55.942814, -3.191835, N, 55.943114, -3.191835, 1777.3, 2180.61
55.943114, -3.191835, NNW, 55.943392, -3.191950, 1777.3, 2179.36
55.943392, -3.191950, N, 55.943692, -3.191950, 1858.8, 2220.63
55.943692, -3.191950, NW, 55.943904, -3.192162, 1929.8, 2220.72
55.943904, -3.192162, NNW, 55.944181, -3.192277, 1929.8, 2219.47
55.944181, -3.192277, NNW, 55.944458, -3.192391, 2022.9, 2232.61
55.944458, -3.192391, N, 55.944758, -3.192391, 2022.9, 2231.36
55.944758, -3.192391, NNE, 55.945035, -3.192277, 2022.9, 2230.11
55.945035, -3.192277, NNE, 55.945312, -3.192162, 2022.9, 2228.86
55.945312, -3.192162, NNE, 55.945590, -3.192047, 2063.8, 2272.67
55.945590, -3.192047, NNW, 55.945867, -3.192162, 2063.8, 2271.42
55.945867, -3.192162, NW, 55.946079, -3.192374, 2177.1, 2308.69
55.946079, -3.192374, E, 55.946079, -3.192074, 2177.1, 2307.44
55.946079, -3.192074, WNW, 55.946194, -3.192351, 2177.1, 2306.19
55.946194, -3.192351, SSW, 55.945917, -3.192466, 2177.1, 2304.94
55.945917, -3.192466, NNE, 55.946194, -3.192351, 2177.1, 2303.69
55.946194, -3.192351, SSW, 55.945917, -3.192466, 2177.1, 2302.44
55.945917, -3.192466, NNE, 55.946194, -3.192351, 2177.1, 2301.19
55.946194, -3.192351, SSW, 55.945917, -3.192466, 2177.1, 2299.94
55.945917, -3.192466, NNE, 55.946194, -3.192351, 2177.1, 2298.69
55.946194, -3.192351, SSW, 55.945917, -3.192466, 2177.1, 2297.44
55.945917, -3.192466, NNE, 55.946194, -3.192351, 2177.1, 2296.19
55.946194, -3.192351, SSW, 55.945917, -3.192466, 2177.1, 2294.94
55.945917, -3.192466, NNE, 55.946194, -3.192351, 2177.1, 2293.69
55.946194, -3.192351, SSW, 55.945917, -3.192466, 2177.1, 2292.44
55.945917, -3.192466, NNE, 55.946194, -3.192351, 2177.1, 2291.19
55.946194, -3.192351, SSW, 55.945917, -3.192466, 2177.1, 2289.94
55.945917, -3.192466, NNE, 55.946194, -3.192351, 2177.1, 2288.69
55.946194, -3.192351, SSW, 55.945917, -3.192466, 2177.1, 2287.44
55.945917, -3.192466, NNE, 55.946194, -3.192351, 2177.1, 2286.19
55.946194, -3.192351, SSW, 55.945917, -3.192466, 2177.1, 2284.94
55.945917, -3.192466, NNE, 55.946194, -3.192351, 2177.1, 2283.69
55.946194, -3.192351, SSW, 55.945917, -3.192466, 2177.1, 2282.44
55.945917, -3.192466, NNE, 55.946194, -3.192351, 2177.1, 2281.19
55.946194, -3.192351, SSW, 55.945917, -3.192466, 2177.1, 2279.94
55.945917, -3.192466, NNE, 55.946194, -3.192351, 2177.1, 2278.69
55.946194, -3.192351, SSW, 55.945917, -3.192466, 2177.1, 2277.44
55.945917, -3.192466, NNE, 55.946194, -3.192351, 2177.1, 2276.19
55.946194, -3.192351, SSW, 55.945917, -3.192466, 2177.1, 2274.94
55.945917, -3.192466, NNE, 55.946194, -3.192351, 2177.1, 2273.69
55.946194, -3.192351, SSW, 55.945917, -3.192466, 2177.1, 2272.44
55.945917, -3.192466, NNE, 55.946194, -3.192351, 2177.1, 2271.19
55.946194, -3.192351, SSW, 55.945917, -3.192466, 2177.1, 2269.94
55.945917, -3.192466, NNE, 55.946194, -3.192351, 2177.1, 2268.69
55.946194, -3.192351, SSW, 55.945917, -3.192466, 2177.1, 2267.44
55.945917, -3.192466, NNE, 55.946194, -3.192351, 2177.1, 2266.19
55.946194, -3.192351, SSW, 55.945917, -3.192466, 2177.1, 2264.94
55.945917, -3.192466, NNE, 55.946194, -3.192351, 2177.1, 2263.69
55.946194, -3.192351, SSW, 55.945917, -3.192466, 2177.1, 2262.44
55.945917, -3.192466, NNE, 55.946194, -3.192351, 2177.1, 2261.19
55.946194, -3.192351, SSW, 55.945917, -3.192466, 2177.1, 2259.94
55.945917, -3.192466, NNE, 55.946194, -3.192351, 2177.1, 2258.69
55.946194, -3.192351, SSW, 55.945917, -3.192466, 2177.1, 2257.44
55.945917, -3.192466, NNE, 55.946194, -3.192351, 2177.1, 2256.19
55.946194, -3.192351, SSW, 55.945917, -3.192466, 2177.1, 2254.94
55.945917, -3.192466, NNE, 55.946194, -3.192351, 2177.1, 2253.69
55.946194, -3.192351, SSW, 55.945917, -3.192466, 2177.1, 2252.44
55.945917, -3.192466, NNE, 55.946194, -3.192351, 2177.1, 2251.19
55.946194, -3.192351, SSW, 55.945917, -3.192466, 2177.1, 2249.94
55.945917, -3.192466, NNE, 55.946194, -3.192351, 2177.1, 2248.69
55.946194, -3.192351, SSW, 55.945917, -3.192466, 2177.1, 2247.44
55.945917, -3.192466, NNE, 55.946194, -3.192351, 2177.1, 2246.19
55.946194, -3.192351, SSW, 55.945917, -3.192466, 2177.1, 2244.94
55.945917, -3.192466, NNE, 55.946194, -3.192351, 2177.1, 2243.69
55.946194, -3.192351, SSW, 55.945917, -3.192466, 2177.1, 2242.44
55.945917, -3.192466, NNE, 55.946194, -3.192351, 2177.1, 2241.19
55.946194, -3.192351, SSW, 55.945917, -3.192466, 2177.1, 2239.94
55.945917, -3.192466, NNE, 55.946194, -3.192351, 2177.1, 2238.69
55.946194, -3.192351, SSW, 55.945917, -3.192466, 2177.1, 2237.44
55.945917, -3.192466, NNE, 55.946194, -3.192351, 2177.1, 2236.19
55.946194, -3.192351, SSW, 55.945917, -3.192466, 2177.1, 2234.94
55.945917, -3.192466, NNE, 55.946194, -3.192351, 2177.1, 2233.69
55.946194, -3.192351, SSW, 55.945917, -3.192466, 2177.1, 2232.44
55.945917, -3.192466, NNE, 55.946194, -3.192351, 2177.1, 2231.19
55.946194, -3.192351, SSW, 55.945917, -3.192466, 2177.1, 2229.94
55.945917, -3.192466, NNE, 55.946194, -3.192351, 2177.1, 2228.69
55.946194, -3.192351, SSW, 55.945917, -3.192466, 2177.1, 2227.44
55.945917, -3.192466, NNE, 55.946194, -3.192351, 2177.1, 2226.19
55.946194, -3.192351, SSW, 55.945917, -3.192466, 2177.1, 2224.94
55.945917, -3.192466, NNE, 55.946194, -3.192351, 2177.1, 2223.69
55.946194, -3.192351, SSW, 55.945917, -3.192466, 2177.1, 2222.44
55.945917, -3.192466, NNE, 55.946194, -3.192351, 2177.1, 2221.19
55.946194, -3.192351, SSW, 55.945917, -3.192466, 2177.1, 2219.94
55.945917, -3.192466, NNE, 55.946194, -3.192351, 2177.1, 2218.69
55.946194, -3.192351, SSW, 55.945917, -3.192466, 2177.1, 2217.44
55.945917, -3.192466, NNE, 55.946194, -3.192351, 2177.1, 2216.19
55.946194, -3.192351, SSW, 55.945917, -3.192466, 2177.1, 2214.94
55.945917, -3.192466, NNE, 55.946194, -3.192351, 2177.1, 2213.69
55.946194, -3.192351, SSW, 55.945917, -3.192466, 2177.1, 2212.44
55.945917, -3.192466, NNE, 55.946194, -3.192351, 2177.1, 2211.19
55.946194, -3.192351, SSW, 55.945917, -3.192466, 2177.1, 2209.94
55.945917, -3.192466, NNE, 55.946194, -3.192351, 2177.1, 2208.69
55.946194, -3.192351, SSW, 55.945917, -3.192466, 2177.1, 2207.44
55.945917, -3.192466, NNE, 55.946194, -3.192351, 2177.1, 2206.19
55.946194, -3.192351, SSW, 55.945917, -3.192466, 2177.1, 2204.94
55.945917, -3.192466, NNE, 55.946194, -3.192351, 2177.1, 2203.69
55.946194, -3.192351, SSW, 55.945917, -3.192466, 2177.1, 2202.44
55.945917, -3.192466, NNE, 55.946194, -3.192351, 2177.1, 2201.19
55.946194, -3.192351, SSW, 55.945917, -3.192466, 2177.1, 2199.94
55.945917, -3.192466, NNE, 55.946194, -3.192351, 2177.1, 2198.69
55.946194, -3.192351, SSW, 55.945917, -3.192466, 2177.1, 2197.44
55.945917, -3.192466, NNE, 55.946194, -3.192351, 2177.1, 2196.19
55.946194, -3.192351, SSW, 55.945917, -3.192466, 2177.1, 2194.94
55.945917, -3.192466, NNE, 55.946194, -3.192351, 2177.1, 2193.69
55.946194, -3.192351, SSW, 55.945917, -3.192466, 2177.1, 2192.44
55.945917, -3.192466, NNE, 55.946194, -3.192351, 2177.1, 2191.19
55.946194, -3.192351, SSW, 55.945917, -3.192466, 2177.1, 2189.94
55.945917, -3.192466, NNE, 55.946194, -3.192351, 2177.1, 2188.69
55.946194, -3.192351, SSW, 55.945917, -3.192466, 2177.1, 2187.44
55.945917, -3.192466, NNE, 55.946194, -3.192351, 2177.1, 2186.19
55.946194, -3.192351, SSW, 55.945917, -3.192466, 2177.1, 2184.94
55.945917, -3.192466, NNE, 55.946194, -3.192351, 2177.1, 2183.69
55.946194, -3.192351, SSW, 55.945917, -3.192466, 2177.1, 2182.44
55.945917, -3.192466, NNE, 55.946194, -3.192351, 2177.1, 2181.19
55.946194, -3.192351, SSW, 55.945917, -3.192466, 2177.1, 2179.94
55.945917, -3.192466, NNE, 55.946194, -3.192351, 2177.1, 2178.69
55.946194, -3.192351, SSW, 55.945917, -3.192466, 2177.1, 2177.44
55.945917, -3.192466, NNE, 55.946194, -3.192351, 2177.1, 2176.19
55.946194, -3.192351, SSW, 55.945917, -3.192466, 2177.1, 2174.94
55.945917, -3.192466, NNE, 55.946194, -3.192351, 2177.1, 2173.69
55.946194, -3.192351, SSW, 55.945917, -3.192466, 2177.1, 2172.44
55.945917, -3.192466, NNE, 55.946194, -3.192351, 2177.1, 2171.19
55.946194, -3.192351, SSW, 55.945917, -3.192466, 2177.1, 2169.94
55.945917, -3.192466, NNE, 55.946194, -3.192351, 2177.1, 2168.69
55.946194, -3.192351, SSW, 55.945917, -3.192466, 2177.1, 2167.44
55.945917, -3.192466, NNE, 55.946194, -3.192351, 2177.1, 2166.19
55.946194, -3.192351, SSW, 55.945917, -3.192466, 2177.1, 2164.94
55.945917, -3.192466, NNE, 55.946194, -3.192351, 2177.1, 2163.69
55.946194, -3.192351, SSW, 55.945917, -3.192466, 2177.1, 2162.44
55.945917, -3.192466, NNE, 55.946194, -3.192351, 2177.1, 2161.19
55.946194, -3.192351, SSW, 55.945917, -3.192466, 2177.1, 2159.94
55.945917, -3.192466, NNE, 55.946194, -3.192351, 2177.1, 2158.69
55.946194, -3.192351, SSW, 55.945917, -3.192466, 2177.1, 2157.44
55.945917, -3.192466, NNE, 55.946194, -3.192351, 2177.1, 2156.19
55.946194, -3.192351, SSW, 55.945917, -3.192466, 2177.1, 2154.94
55.945917, -3.192466, NNE, 55.946194, -3.192351, 2177.1, 2153.69
55.946194, -3.192351, SSW, 55.945917, -3.192466, 2177.1, 2152.44
55.945917, -3.192466, NNE, 55.946194, -3.192351, 2177.1, 2151.19
55.946194, -3.192351, SSW, 55.945917, -3.192466, 2177.1, 2149.94
55.945917, -3.192466, NNE, 55.946194, -3.192351, 2177.1, 2148.69
55.946194, -3.192351, SSW, 55.945917, -3.192466, 2177.1, 2147.44
55.945917, -3.192466, NNE, 55.946194, -3.192351, 2177.1, 2146.19
55.946194, -3.192351, SSW, 55.945917, -3.192466, 2177.1, 2144.94
55.945917, -3.192466, NNE, 55.946194, -3.192351, 2177.1, 2143.69
55.946194, -3.192351, SSW, 55.945917, -3.192466, 2177.1, 2142.44
55.945917, -3.192466, NNE, 55.946194, -3.192351, 2177.1, 2141.19
55.946194, -3.192351, SSW, 55.945917, -3.192466, 2177.1, 2139.94
55.945917, -3.192466, NNE, 55.946194, -3.192351, 2177.1, 2138.69
55.946194, -3.192351, SSW, 55.945917, -3.192466, 2177.1, 2137.44
55.945917, -3.192466, NNE, 55.946194, -3.192351, 2177.1, 2136.19
55.946194, -3.192351, SSW, 55.945917, -3.192466, 2177.1, 2134.94
55.945917, -3.192466, NNE, 55.946194, -3.192351, 2177.1, 2133.69
55.946194, -3.192351, SSW, 55.945917, -3.192466, 2177.1, 2132.44
55.945917, -3.192466, NNE, 55.946194, -3.192351, 2177.1, 2131.19
55.946194, -3.192351, SSW, 55.945917, -3.192466, 2177.1, 2129.94
55.945917, -3.192466, NNE, 55.946194, -3.192351, 2177.1, 2128.69
55.946194, -3.192351, SSW, 55.945917, -3.192466, 2177.1, 2127.44
55.945917, -3.192466, NNE, 55.946194, -3.192351, 2177.1, 2126.19
55.946194, -3.192351, SSW, 55.945917, -3.192466, 2177.1, 2124.94
55.945917, -3.192466, NNE, 55.946194, -3.192351, 2177.1, 2123.69
55.946194, -3.192351, SSW, 55.945917, -3.192466, 2177.1, 2122.44
55.945917, -3.192466, NNE, 55.946194, -3.192351, 2177.1, 2121.19
55.946194, -3.192351, SSW, 55.945917, -3.192466, 2177.1, 2119.94
55.945917, -3.192466, NNE, 55.946194, -3.192351, 2177.1, 2118.69
55.946194, -3.192351, SSW, 55.945917, -3.192466, 2177.1, 2117.44
55.945917, -3.192466, NNE, 55.946194, -3.192351, 2177.1, 2116.19
55.946194, -3.192351, SSW, 55.945917, -3.192466, 2177.1, 2114.94

