55.943700, -3.189300, SE, 55.943488, -3.189088, 56.6, 332.41
55.943488, -3.189088, ENE, 55.943603, -3.188811, 56.6, 331.16
55.943603, -3.188811, ENE, 55.943717, -3.188534, 56.6, 329.91
55.943717, -3.188534, NE, 55.943930, -3.188321, 130.0, 405.99
55.943930, -3.188321, WNW, 55.944044, -3.188599, 130.0, 404.74
55.944044, -3.188599, NNE, 55.944322, -3.188484, 130.0, 403.49
55.944322, -3.188484, NW, 55.944534, -3.188696, 130.0, 402.24
55.944534, -3.188696, W, 55.944534, -3.188996, 130.0, 400.99
55.944534, -3.188996, WNW, 55.944649, -3.189273, 130.0, 399.74
55.944649, -3.189273, W, 55.944649, -3.189573, 226.1, 433.08
55.944649, -3.189573, WSW, 55.944534, -3.189850, 236.9, 493.57
55.944534, -3.189850, WNW, 55.944649, -3.190127, 236.9, 492.32
55.944649, -3.190127, NW, 55.944861, -3.190340, 297.7, 527.59
55.944861, -3.190340, N, 55.945161, -3.190340, 413.4, 612.39
55.945161, -3.190340, W, 55.945161, -3.190640, 413.4, 611.14
55.945161, -3.190640, WNW, 55.945275, -3.190917, 413.4, 609.89
55.945275, -3.190917, W, 55.945275, -3.191217, 477.4, 726.52
55.945275, -3.191217, SSW, 55.944998, -3.191331, 477.4, 725.27
55.944998, -3.191331, SSW, 55.944721, -3.191446, 569.5, 729.12
55.944721, -3.191446, SW, 55.944509, -3.191658, 658.6, 830.66
55.944509, -3.191658, S, 55.944209, -3.191658, 674.3, 870.17
55.944209, -3.191658, SE, 55.943997, -3.191446, 718.6, 874.54
55.943997, -3.191446, SE, 55.943785, -3.191234, 780.3, 894.65
55.943785, -3.191234, ENE, 55.943900, -3.190957, 780.3, 893.40
55.943900, -3.190957, ENE, 55.944014, -3.190680, 802.6, 903.21
55.944014, -3.190680, SSW, 55.943737, -3.190795, 802.6, 901.96
55.943737, -3.190795, SSW, 55.943460, -3.190909, 802.6, 900.71
55.943460, -3.190909, SE, 55.943248, -3.190697, 802.6, 899.46
55.943248, -3.190697, SW, 55.943036, -3.190909, 802.6, 898.21
55.943036, -3.190909, SSW, 55.942759, -3.191024, 880.2, 980.45
55.942759, -3.191024, E, 55.942759, -3.190724, 880.2, 979.20
55.942759, -3.190724, E, 55.942759, -3.190424, 880.2, 977.95
55.942759, -3.190424, E, 55.942759, -3.190124, 880.2, 976.70
55.942759, -3.190124, ESE, 55.942644, -3.189847, 929.7, 1045.28
55.942644, -3.189847, E, 55.942644, -3.189547, 929.7, 1044.03
55.942644, -3.189547, E, 55.942644, -3.189247, 929.7, 1042.78
55.942644, -3.189247, E, 55.942644, -3.188947, 929.7, 1041.53
55.942644, -3.188947, E, 55.942644, -3.188647, 929.7, 1040.28
55.942644, -3.188647, E, 55.942644, -3.188347, 929.7, 1039.03
55.942644, -3.188347, E, 55.942644, -3.188047, 929.7, 1037.78
55.942644, -3.188047, E, 55.942644, -3.187747, 929.7, 1036.53
55.942644, -3.187747, E, 55.942644, -3.187447, 929.7, 1035.28
55.942644, -3.187447, E, 55.942644, -3.187147, 953.7, 1151.13
55.942644, -3.187147, NNE, 55.942921, -3.187032, 953.7, 1149.88
55.942921, -3.187032, NNE, 55.943198, -3.186917, 953.7, 1148.63
55.943198, -3.186917, NE, 55.943410, -3.186705, 953.7, 1147.38
55.943410, -3.186705, NNE, 55.943687, -3.186591, 953.7, 1146.13
55.943687, -3.186591, NE, 55.943900, -3.186378, 985.4, 1224.45
55.943900, -3.186378, NW, 55.944112, -3.186591, 1096.0, 1294.61
55.944112, -3.186591, ESE, 55.943997, -3.186313, 1096.0, 1293.36
55.943997, -3.186313, ESE, 55.943882, -3.186036, 1096.0, 1292.11
55.943882, -3.186036, E, 55.943882, -3.185736, 1173.2, 1300.02
55.943882, -3.185736, S, 55.943582, -3.185736, 1173.2, 1298.77
55.943582, -3.185736, SSE, 55.943305, -3.185621, 1173.2, 1297.52
55.943305, -3.185621, S, 55.943005, -3.185621, 1208.3, 1356.61
55.943005, -3.185621, NE, 55.943217, -3.185409, 1208.3, 1355.36
55.943217, -3.185409, NE, 55.943429, -3.185197, 1208.3, 1354.11
55.943429, -3.185197, NE, 55.943641, -3.184985, 1208.3, 1352.86
55.943641, -3.184985, NE, 55.943853, -3.184773, 1294.2, 1427.63
55.943853, -3.184773, N, 55.944153, -3.184773, 1294.2, 1426.38
55.944153, -3.184773, N, 55.944453, -3.184773, 1294.2, 1425.13
55.944453, -3.184773, N, 55.944753, -3.184773, 1294.2, 1423.88
55.944753, -3.184773, N, 55.945053, -3.184773, 1327.0, 1509.74
55.945053, -3.184773, NNE, 55.945331, -3.184658, 1327.0, 1508.49
55.945331, -3.184658, NNE, 55.945608, -3.184543, 1327.0, 1507.24
55.945608, -3.184543, NE, 55.945820, -3.184331, 1396.5, 1622.07
55.945820, -3.184331, WSW, 55.945705, -3.184608, 1396.5, 1620.82
55.945705, -3.184608, W, 55.945705, -3.184908, 1396.5, 1619.57
55.945705, -3.184908, WSW, 55.945590, -3.185185, 1396.5, 1618.32
55.945590, -3.185185, W, 55.945590, -3.185485, 1396.5, 1617.07
55.945590, -3.185485, WSW, 55.945475, -3.185763, 1510.3, 1650.67
55.945475, -3.185763, SSW, 55.945198, -3.185877, 1616.7, 1666.55
55.945198, -3.185877, SSW, 55.944921, -3.185992, 1632.4, 1758.59
55.944921, -3.185992, W, 55.944921, -3.186292, 1632.4, 1757.34
55.944921, -3.186292, W, 55.944921, -3.186592, 1632.4, 1756.09
55.944921, -3.186592, NNW, 55.945198, -3.186707, 1632.4, 1754.84
55.945198, -3.186707, WNW, 55.945313, -3.186984, 1632.4, 1753.59
55.945313, -3.186984, SSW, 55.945036, -3.187099, 1681.7, 1765.42
55.945036, -3.187099, NW, 55.945248, -3.187311, 1681.7, 1764.17
55.945248, -3.187311, NNW, 55.945525, -3.187426, 1681.7, 1762.92
55.945525, -3.187426, NW, 55.945737, -3.187638, 1692.5, 1844.24
55.945737, -3.187638, W, 55.945737, -3.187938, 1692.5, 1842.99
55.945737, -3.187938, W, 55.945737, -3.188238, 1692.5, 1841.74
55.945737, -3.188238, W, 55.945737, -3.188538, 1692.5, 1840.49
55.945737, -3.188538, WSW, 55.945623, -3.188815, 1714.4, 1940.22
55.945623, -3.188815, WNW, 55.945737, -3.189092, 1795.0, 2054.82
55.945737, -3.189092, W, 55.945737, -3.189392, 1795.0, 2053.57
55.945737, -3.189392, W, 55.945737, -3.189692, 1795.0, 2052.32
55.945737, -3.189692, W, 55.945737, -3.189992, 1795.0, 2051.07
55.945737, -3.189992, S, 55.945437, -3.189992, 1795.0, 2049.82
55.945437, -3.189992, W, 55.945437, -3.190292, 1795.0, 2048.57
55.945437, -3.190292, W, 55.945437, -3.190592, 1795.0, 2047.32
55.945437, -3.190592, W, 55.945437, -3.190892, 1795.0, 2046.07
55.945437, -3.190892, W, 55.945437, -3.191192, 1795.0, 2044.82
55.945437, -3.191192, W, 55.945437, -3.191492, 1795.0, 2043.57
55.945437, -3.191492, NNW, 55.945715, -3.191607, 1795.0, 2042.32
55.945715, -3.191607, S, 55.945415, -3.191607, 1795.0, 2041.07
55.945415, -3.191607, SSW, 55.945137, -3.191722, 1795.0, 2039.82
55.945137, -3.191722, W, 55.945137, -3.192022, 1795.0, 2038.57
55.945137, -3.192022, WNW, 55.945252, -3.192299, 1880.4, 2075.33
55.945252, -3.192299, E, 55.945252, -3.191999, 1880.4, 2074.08
55.945252, -3.191999, W, 55.945252, -3.192299, 1880.4, 2072.83
55.945252, -3.192299, E, 55.945252, -3.191999, 1880.4, 2071.58
55.945252, -3.191999, W, 55.945252, -3.192299, 1880.4, 2070.33
55.945252, -3.192299, E, 55.945252, -3.191999, 1880.4, 2069.08
55.945252, -3.191999, W, 55.945252, -3.192299, 1880.4, 2067.83
55.945252, -3.192299, E, 55.945252, -3.191999, 1880.4, 2066.58
55.945252, -3.191999, W, 55.945252, -3.192299, 1880.4, 2065.33
55.945252, -3.192299, E, 55.945252, -3.191999, 1880.4, 2064.08
55.945252, -3.191999, W, 55.945252, -3.192299, 1880.4, 2062.83
55.945252, -3.192299, E, 55.945252, -3.191999, 1880.4, 2061.58
55.945252, -3.191999, W, 55.945252, -3.192299, 1880.4, 2060.33
55.945252, -3.192299, E, 55.945252, -3.191999, 1880.4, 2059.08
55.945252, -3.191999, W, 55.945252, -3.192299, 1880.4, 2057.83
55.945252, -3.192299, E, 55.945252, -3.191999, 1880.4, 2056.58
55.945252, -3.191999, W, 55.945252, -3.192299, 1880.4, 2055.33
55.945252, -3.192299, E, 55.945252, -3.191999, 1880.4, 2054.08
55.945252, -3.191999, W, 55.945252, -3.192299, 1880.4, 2052.83
55.945252, -3.192299, E, 55.945252, -3.191999, 1880.4, 2051.58
55.945252, -3.191999, W, 55.945252, -3.192299, 1880.4, 2050.33
55.945252, -3.192299, E, 55.945252, -3.191999, 1880.4, 2049.08
55.945252, -3.191999, W, 55.945252, -3.192299, 1880.4, 2047.83
55.945252, -3.192299, E, 55.945252, -3.191999, 1880.4, 2046.58
55.945252, -3.191999, W, 55.945252, -3.192299, 1880.4, 2045.33
55.945252, -3.192299, E, 55.945252, -3.191999, 1880.4, 2044.08
55.945252, -3.191999, W, 55.945252, -3.192299, 1880.4, 2042.83
55.945252, -3.192299, E, 55.945252, -3.191999, 1880.4, 2041.58
55.945252, -3.191999, W, 55.945252, -3.192299, 1880.4, 2040.33
55.945252, -3.192299, E, 55.945252, -3.191999, 1880.4, 2039.08
55.945252, -3.191999, W, 55.945252, -3.192299, 1880.4, 2037.83
55.945252, -3.192299, E, 55.945252, -3.191999, 1880.4, 2036.58
55.945252, -3.191999, W, 55.945252, -3.192299, 1880.4, 2035.33
55.945252, -3.192299, E, 55.945252, -3.191999, 1880.4, 2034.08
55.945252, -3.191999, W, 55.945252, -3.192299, 1880.4, 2032.83
55.945252, -3.192299, E, 55.945252, -3.191999, 1880.4, 2031.58
55.945252, -3.191999, W, 55.945252, -3.192299, 1880.4, 2030.33
55.945252, -3.192299, E, 55.945252, -3.191999, 1880.4, 2029.08
55.945252, -3.191999, W, 55.945252, -3.192299, 1880.4, 2027.83
55.945252, -3.192299, E, 55.945252, -3.191999, 1880.4, 2026.58
55.945252, -3.191999, W, 55.945252, -3.192299, 1880.4, 2025.33
55.945252, -3.192299, E, 55.945252, -3.191999, 1880.4, 2024.08
55.945252, -3.191999, W, 55.945252, -3.192299, 1880.4, 2022.83
55.945252, -3.192299, E, 55.945252, -3.191999, 1880.4, 2021.58
55.945252, -3.191999, W, 55.945252, -3.192299, 1880.4, 2020.33
55.945252, -3.192299, E, 55.945252, -3.191999, 1880.4, 2019.08
55.945252, -3.191999, W, 55.945252, -3.192299, 1880.4, 2017.83
55.945252, -3.192299, E, 55.945252, -3.191999, 1880.4, 2016.58
55.945252, -3.191999, W, 55.945252, -3.192299, 1880.4, 2015.33
55.945252, -3.192299, E, 55.945252, -3.191999, 1880.4, 2014.08
55.945252, -3.191999, W, 55.945252, -3.192299, 1880.4, 2012.83
55.945252, -3.192299, E, 55.945252, -3.191999, 1880.4, 2011.58
55.945252, -3.191999, W, 55.945252, -3.192299, 1880.4, 2010.33
55.945252, -3.192299, E, 55.945252, -3.191999, 1880.4, 2009.08
55.945252, -3.191999, W, 55.945252, -3.192299, 1880.4, 2007.83
55.945252, -3.192299, E, 55.945252, -3.191999, 1880.4, 2006.58
55.945252, -3.191999, W, 55.945252, -3.192299, 1880.4, 2005.33
55.945252, -3.192299, E, 55.945252, -3.191999, 1880.4, 2004.08
55.945252, -3.191999, W, 55.945252, -3.192299, 1880.4, 2002.83
55.945252, -3.192299, E, 55.945252, -3.191999, 1880.4, 2001.58
55.945252, -3.191999, W, 55.945252, -3.192299, 1880.4, 2000.33
55.945252, -3.192299, E, 55.945252, -3.191999, 1880.4, 1999.08
55.945252, -3.191999, W, 55.945252, -3.192299, 1880.4, 1997.83
55.945252, -3.192299, E, 55.945252, -3.191999, 1880.4, 1996.58
55.945252, -3.191999, W, 55.945252, -3.192299, 1880.4, 1995.33
55.945252, -3.192299, E, 55.945252, -3.191999, 1880.4, 1994.08
55.945252, -3.191999, W, 55.945252, -3.192299, 1880.4, 1992.83
55.945252, -3.192299, E, 55.945252, -3.191999, 1880.4, 1991.58
55.945252, -3.191999, W, 55.945252, -3.192299, 1880.4, 1990.33
55.945252, -3.192299, E, 55.945252, -3.191999, 1880.4, 1989.08
55.945252, -3.191999, W, 55.945252, -3.192299, 1880.4, 1987.83
55.945252, -3.192299, E, 55.945252, -3.191999, 1880.4, 1986.58
55.945252, -3.191999, W, 55.945252, -3.192299, 1880.4, 1985.33
55.945252, -3.192299, E, 55.945252, -3.191999, 1880.4, 1984.08
55.945252, -3.191999, W, 55.945252, -3.192299, 1880.4, 1982.83
55.945252, -3.192299, E, 55.945252, -3.191999, 1880.4, 1981.58
55.945252, -3.191999, W, 55.945252, -3.192299, 1880.4, 1980.33
55.945252, -3.192299, E, 55.945252, -3.191999, 1880.4, 1979.08
55.945252, -3.191999, W, 55.945252, -3.192299, 1880.4, 1977.83
55.945252, -3.192299, E, 55.945252, -3.191999, 1880.4, 1976.58
55.945252, -3.191999, W, 55.945252, -3.192299, 1880.4, 1975.33
55.945252, -3.192299, E, 55.945252, -3.191999, 1880.4, 1974.08
55.945252, -3.191999, W, 55.945252, -3.192299, 1880.4, 1972.83
55.945252, -3.192299, E, 55.945252, -3.191999, 1880.4, 1971.58
55.945252, -3.191999, W, 55.945252, -3.192299, 1880.4, 1970.33
55.945252, -3.192299, E, 55.945252, -3.191999, 1880.4, 1969.08
55.945252, -3.191999, W, 55.945252, -3.192299, 1880.4, 1967.83
55.945252, -3.192299, E, 55.945252, -3.191999, 1880.4, 1966.58
55.945252, -3.191999, W, 55.945252, -3.192299, 1880.4, 1965.33
55.945252, -3.192299, E, 55.945252, -3.191999, 1880.4, 1964.08
55.945252, -3.191999, W, 55.945252, -3.192299, 1880.4, 1962.83
55.945252, -3.192299, E, 55.945252, -3.191999, 1880.4, 1961.58
55.945252, -3.191999, W, 55.945252, -3.192299, 1880.4, 1960.33
55.945252, -3.192299, E, 55.945252, -3.191999, 1880.4, 1959.08
55.945252, -3.191999, W, 55.945252, -3.192299, 1880.4, 1957.83
55.945252, -3.192299, E, 55.945252, -3.191999, 1880.4, 1956.58
55.945252, -3.191999, W, 55.945252, -3.192299, 1880.4, 1955.33
55.945252, -3.192299, E, 55.945252, -3.191999, 1880.4, 1954.08
55.945252, -3.191999, W, 55.945252, -3.192299, 1880.4, 1952.83
55.945252, -3.192299, E, 55.945252, -3.191999, 1880.4, 1951.58
55.945252, -3.191999, W, 55.945252, -3.192299, 1880.4, 1950.33
55.945252, -3.192299, E, 55.945252, -3.191999, 1880.4, 1949.08
55.945252, -3.191999, W, 55.945252, -3.192299, 1880.4, 1947.83
55.945252, -3.192299, E, 55.945252, -3.191999, 1880.4, 1946.58
55.945252, -3.191999, W, 55.945252, -3.192299, 1880.4, 1945.33
55.945252, -3.192299, E, 55.945252, -3.191999, 1880.4, 1944.08
55.945252, -3.191999, W, 55.945252, -3.192299, 1880.4, 1942.83
55.945252, -3.192299, E, 55.945252, -3.191999, 1880.4, 1941.58
55.945252, -3.191999, W, 55.945252, -3.192299, 1880.4, 1940.33
55.945252, -3.192299, E, 55.945252, -3.191999, 1880.4, 1939.08
55.945252, -3.191999, W, 55.945252, -3.192299, 1880.4, 1937.83
55.945252, -3.192299, E, 55.945252, -3.191999, 1880.4, 1936.58
55.945252, -3.191999, W, 55.945252, -3.192299, 1880.4, 1935.33
55.945252, -3.192299, E, 55.945252, -3.191999, 1880.4, 1934.08
55.945252, -3.191999, W, 55.945252, -3.192299, 1880.4, 1932.83
55.945252, -3.192299, E, 55.945252, -3.191999, 1880.4, 1931.58
55.945252, -3.191999, W, 55.945252, -3.192299, 1880.4, 1930.33
55.945252, -3.192299, E, 55.945252, -3.191999, 1880.4, 1929.08
55.945252, -3.191999, W, 55.945252, -3.192299, 1880.4, 1927.83
55.945252, -3.192299, E, 55.945252, -3.191999, 1880.4, 1926.58
55.945252, -3.191999, W, 55.945252, -3.192299, 1880.4, 1925.33
55.945252, -3.192299, E, 55.945252, -3.191999, 1880.4, 1924.08
55.945252, -3.191999, W, 55.945252, -3.192299, 1880.4, 1922.83
55.945252, -3.192299, E, 55.945252, -3.191999, 1880.4, 1921.58
55.945252, -3.191999, W, 55.945252, -3.192299, 1880.4, 1920.33
55.945252, -3.192299, E, 55.945252, -3.191999, 1880.4, 1919.08
55.945252, -3.191999, W, 55.945252, -3.192299, 1880.4, 1917.83
55.945252, -3.192299, E, 55.945252, -3.191999, 1880.4, 1916.58
55.945252, -3.191999, W, 55.945252, -3.192299, 1880.4, 1915.33
55.945252, -3.192299, E, 55.945252, -3.191999, 1880.4, 1914.08
55.945252, -3.191999, W, 55.945252, -3.192299, 1880.4, 1912.83
55.945252, -3.192299, E, 55.945252, -3.191999, 1880.4, 1911.58
55.945252, -3.191999, W, 55.945252, -3.192299, 1880.4, 1910.33
55.945252, -3.192299, E, 55.945252, -3.191999, 1880.4, 1909.08
55.945252, -3.191999, W, 55.945252, -3.192299, 1880.4, 1907.83
55.945252, -3.192299, E, 55.945252, -3.191999, 1880.4, 1906.58
55.945252, -3.191999, W, 55.945252, -3.192299, 1880.4, 1905.33
55.945252, -3.192299, E, 55.945252, -3.191999, 1880.4, 1904.08
55.945252, -3.191999, W, 55.945252, -3.192299, 1880.4, 1902.83
55.945252, -3.192299, E, 55.945252, -3.191999, 1880.4, 1901.58
55.945252, -3.191999, W, 55.945252, -3.192299, 1880.4, 1900.33
55.945252, -3.192299, E, 55.945252, -3.191999, 1880.4, 1899.08
55.945252, -3.191999, W, 55.945252, -3.192299, 1880.4, 1897.83
55.945252, -3.192299, E, 55.945252, -3.191999, 1880.4, 1896.58
55.945252, -3.191999, W, 55.945252, -3.192299, 1880.4, 1895.33
55.945252, -3.192299, E, 55.945252, -3.191999, 1880.4, 1894.08
55.945252, -3.191999, W, 55.945252, -3.192299, 1880.4, 1892.83
55.945252, -3.192299, E, 55.945252, -3.191999, 1880.4, 1891.58
55.945252, -3.191999, W, 55.945252, -3.192299, 1880.4, 1890.33
55.945252, -3.192299, E, 55.945252, -3.191999, 1880.4, 1889.08
55.945252, -3.191999, W, 55.945252, -3.192299, 1880.4, 1887.83

