55.943700, -3.189300, NW, 55.943912, -3.189512, 0.0, 248.75
55.943912, -3.189512, WNW, 55.944027, -3.189789, 68.3, 274.82
55.944027, -3.189789, NW, 55.944239, -3.190001, 68.3, 273.57
55.944239, -3.190001, NNW, 55.944516, -3.190116, 68.3, 272.32
55.944516, -3.190116, N, 55.944816, -3.190116, 68.3, 271.07
55.944816, -3.190116, E, 55.944816, -3.189816, 68.3, 269.82
55.944816, -3.189816, E, 55.944816, -3.189516, 68.3, 268.57
55.944816, -3.189516, E, 55.944816, -3.189216, 131.3, 281.05
55.944816, -3.189216, SE, 55.944604, -3.189004, 131.3, 279.80
55.944604, -3.189004, SE, 55.944392, -3.188792, 131.3, 278.55
55.944392, -3.188792, SE, 55.944180, -3.188580, 162.9, 356.22
55.944180, -3.188580, SSE, 55.943903, -3.188465, 162.9, 354.97
55.943903, -3.188465, SSE, 55.943626, -3.188350, 162.9, 353.72
55.943626, -3.188350, SSE, 55.943348, -3.188235, 248.3, 410.79
55.943348, -3.188235, S, 55.943048, -3.188235, 292.0, 416.95
55.943048, -3.188235, SW, 55.942836, -3.188448, 331.0, 529.69
55.942836, -3.188448, ENE, 55.942951, -3.188170, 331.0, 528.44
55.942951, -3.188170, ENE, 55.943066, -3.187893, 331.0, 527.19
55.943066, -3.187893, ENE, 55.943181, -3.187616, 331.0, 525.94
55.943181, -3.187616, ENE, 55.943295, -3.187339, 367.4, 564.37
55.943295, -3.187339, SE, 55.943083, -3.187127, 392.5, 623.44
55.943083, -3.187127, NNE, 55.943360, -3.187012, 392.5, 622.19
55.943360, -3.187012, NNE, 55.943638, -3.186897, 466.4, 675.42
55.943638, -3.186897, ENE, 55.943752, -3.186620, 466.4, 674.17
55.943752, -3.186620, ENE, 55.943867, -3.186343, 546.3, 730.79
55.943867, -3.186343, S, 55.943567, -3.186343, 546.3, 729.54
55.943567, -3.186343, S, 55.943267, -3.186343, 642.1, 846.92
55.943267, -3.186343, SSE, 55.942990, -3.186228, 642.1, 845.67
55.942990, -3.186228, N, 55.943290, -3.186228, 642.1, 844.42
55.943290, -3.186228, N, 55.943590, -3.186228, 642.1, 843.17
55.943590, -3.186228, N, 55.943890, -3.186228, 642.1, 841.92
55.943890, -3.186228, N, 55.944190, -3.186228, 642.1, 840.67
55.944190, -3.186228, N, 55.944490, -3.186228, 642.1, 839.42
55.944490, -3.186228, NNE, 55.944767, -3.186113, 714.9, 849.08
55.944767, -3.186113, NE, 55.944979, -3.185901, 723.6, 938.88
55.944979, -3.185901, NW, 55.945192, -3.186113, 723.6, 937.63
55.945192, -3.186113, NNW, 55.945469, -3.186228, 844.9, 979.92
55.945469, -3.186228, N, 55.945769, -3.186228, 844.9, 978.67
55.945769, -3.186228, NNW, 55.946046, -3.186343, 876.2, 1006.80
55.946046, -3.186343, ESE, 55.945931, -3.186066, 876.2, 1005.55
55.945931, -3.186066, ESE, 55.945816, -3.185789, 876.2, 1004.30
55.945816, -3.185789, ESE, 55.945701, -3.185511, 876.2, 1003.05
55.945701, -3.185511, NNE, 55.945979, -3.185397, 876.2, 1001.80
55.945979, -3.185397, ESE, 55.945864, -3.185119, 876.2, 1000.55
55.945864, -3.185119, ESE, 55.945749, -3.184842, 876.2, 999.30
55.945749, -3.184842, SE, 55.945537, -3.184630, 997.6, 1067.53
55.945537, -3.184630, SE, 55.945325, -3.184418, 1121.9, 1143.87
55.945325, -3.184418, S, 55.945025, -3.184418, 1121.9, 1142.62
55.945025, -3.184418, S, 55.944725, -3.184418, 1121.9, 1141.37
55.944725, -3.184418, S, 55.944425, -3.184418, 1121.9, 1140.12
55.944425, -3.184418, S, 55.944125, -3.184418, 1121.9, 1138.87
55.944125, -3.184418, NW, 55.944337, -3.184630, 1121.9, 1137.62
55.944337, -3.184630, E, 55.944337, -3.184330, 1121.9, 1136.37
55.944337, -3.184330, S, 55.944037, -3.184330, 1121.9, 1135.12
55.944037, -3.184330, S, 55.943737, -3.184330, 1208.7, 1135.79
55.943737, -3.184330, SW, 55.943525, -3.184542, 1208.7, 1134.54
55.943525, -3.184542, WNW, 55.943640, -3.184819, 1208.7, 1133.29
55.943640, -3.184819, WNW, 55.943754, -3.185097, 1208.7, 1132.04
55.943754, -3.185097, WNW, 55.943869, -3.185374, 1208.7, 1130.79
55.943869, -3.185374, WNW, 55.943984, -3.185651, 1208.7, 1129.54
55.943984, -3.185651, WNW, 55.944099, -3.185928, 1208.7, 1128.29
55.944099, -3.185928, WNW, 55.944214, -3.186205, 1208.7, 1127.04
55.944214, -3.186205, W, 55.944214, -3.186505, 1208.7, 1125.79
55.944214, -3.186505, WNW, 55.944328, -3.186782, 1208.7, 1124.54
55.944328, -3.186782, SSW, 55.944051, -3.186897, 1208.7, 1123.29
55.944051, -3.186897, WSW, 55.943936, -3.187174, 1185.9, 1115.65
55.943936, -3.187174, NNW, 55.944214, -3.187289, 1230.0, 1215.08
55.944214, -3.187289, NW, 55.944426, -3.187501, 1230.0, 1213.83
55.944426, -3.187501, NW, 55.944638, -3.187713, 1230.0, 1212.58
55.944638, -3.187713, NW, 55.944850, -3.187926, 1230.0, 1211.33
55.944850, -3.187926, NNW, 55.945127, -3.188040, 1283.9, 1305.97
55.945127, -3.188040, NW, 55.945339, -3.188252, 1353.8, 1377.04
55.945339, -3.188252, ENE, 55.945454, -3.187975, 1353.8, 1375.79
55.945454, -3.187975, ENE, 55.945569, -3.187698, 1353.8, 1374.54
55.945569, -3.187698, ENE, 55.945684, -3.187421, 1353.8, 1373.29
55.945684, -3.187421, ENE, 55.945798, -3.187144, 1353.8, 1372.04
55.945798, -3.187144, ENE, 55.945913, -3.186867, 1353.8, 1370.79
55.945913, -3.186867, ENE, 55.946028, -3.186589, 1353.8, 1369.54
55.946028, -3.186589, ENE, 55.946143, -3.186312, 1468.5, 1379.62
55.946143, -3.186312, WSW, 55.946028, -3.186589, 1468.5, 1378.37
55.946028, -3.186589, WSW, 55.945913, -3.186867, 1468.5, 1377.12
55.945913, -3.186867, WSW, 55.945798, -3.187144, 1468.5, 1375.87
55.945798, -3.187144, WSW, 55.945684, -3.187421, 1468.5, 1374.62
55.945684, -3.187421, WSW, 55.945569, -3.187698, 1468.5, 1373.37
55.945569, -3.187698, WSW, 55.945454, -3.187975, 1468.5, 1372.12
55.945454, -3.187975, W, 55.945454, -3.188275, 1468.5, 1370.87
55.945454, -3.188275, WSW, 55.945339, -3.188552, 1468.5, 1369.62
55.945339, -3.188552, W, 55.945339, -3.188852, 1468.5, 1368.37
55.945339, -3.188852, WSW, 55.945224, -3.189130, 1468.5, 1367.12
55.945224, -3.189130, W, 55.945224, -3.189430, 1468.5, 1365.87
55.945224, -3.189430, WSW, 55.945110, -3.189707, 1468.5, 1364.62
55.945110, -3.189707, W, 55.945110, -3.190007, 1468.5, 1363.37
55.945110, -3.190007, WSW, 55.944995, -3.190284, 1473.3, 1421.71
55.944995, -3.190284, W, 55.944995, -3.190584, 1473.3, 1420.46
55.944995, -3.190584, W, 55.944995, -3.190884, 1473.3, 1419.21
55.944995, -3.190884, W, 55.944995, -3.191184, 1473.3, 1417.96
55.944995, -3.191184, W, 55.944995, -3.191484, 1594.9, 1487.31
55.944995, -3.191484, W, 55.944995, -3.191784, 1594.9, 1486.06
55.944995, -3.191784, W, 55.944995, -3.192084, 1704.2, 1601.64
55.944995, -3.192084, N, 55.945295, -3.192084, 1704.2, 1600.39
55.945295, -3.192084, NNE, 55.945572, -3.191969, 1752.8, 1623.18
55.945572, -3.191969, NW, 55.945784, -3.192181, 1823.8, 1688.10
55.945784, -3.192181, N, 55.946084, -3.192181, 1873.6, 1794.05
55.946084, -3.192181, S, 55.945784, -3.192181, 1873.6, 1792.80
55.945784, -3.192181, S, 55.945484, -3.192181, 1873.6, 1791.55
55.945484, -3.192181, S, 55.945184, -3.192181, 1873.6, 1790.30
55.945184, -3.192181, S, 55.944884, -3.192181, 1873.6, 1789.05
55.944884, -3.192181, S, 55.944584, -3.192181, 1873.6, 1787.80
55.944584, -3.192181, S, 55.944284, -3.192181, 1873.6, 1786.55
55.944284, -3.192181, S, 55.943984, -3.192181, 1873.6, 1785.30
55.943984, -3.192181, SSW, 55.943707, -3.192296, 1950.2, 1859.26
55.943707, -3.192296, SE, 55.943495, -3.192084, 1950.2, 1858.01
55.943495, -3.192084, SE, 55.943283, -3.191872, 1950.2, 1856.76
55.943283, -3.191872, SSE, 55.943006, -3.191757, 2073.7, 1977.50
55.943006, -3.191757, S, 55.942706, -3.191757, 2084.7, 2045.55
55.942706, -3.191757, ENE, 55.942820, -3.191480, 2084.7, 2044.30
55.942820, -3.191480, ENE, 55.942935, -3.191203, 2084.7, 2043.05
55.942935, -3.191203, ENE, 55.943050, -3.190926, 2039.4, 1920.86
55.943050, -3.190926, ENE, 55.943165, -3.190648, 2088.3, 1945.57
55.943165, -3.190648, W, 55.943165, -3.190948, 2135.1, 2041.31
55.943165, -3.190948, WNW, 55.943280, -3.191226, 2135.1, 2040.06
55.943280, -3.191226, NNE, 55.943557, -3.191111, 2135.1, 2038.81
55.943557, -3.191111, NNE, 55.943834, -3.190996, 2238.6, 2149.50
55.943834, -3.190996, NNW, 55.944111, -3.191111, 2238.6, 2148.25
55.944111, -3.191111, WNW, 55.944226, -3.191388, 2210.4, 2063.02
55.944226, -3.191388, ESE, 55.944111, -3.191111, 2210.4, 2061.77
55.944111, -3.191111, SW, 55.943899, -3.191323, 2210.4, 2060.52
55.943899, -3.191323, E, 55.943899, -3.191023, 2210.4, 2059.27
55.943899, -3.191023, N, 55.944199, -3.191023, 2210.4, 2058.02
55.944199, -3.191023, SSE, 55.943922, -3.190908, 2210.4, 2056.77
55.943922, -3.190908, S, 55.943622, -3.190908, 2120.2, 2027.93
55.943622, -3.190908, N, 55.943922, -3.190908, 2120.2, 2026.68
55.943922, -3.190908, SSW, 55.943645, -3.191023, 2120.2, 2025.43
55.943645, -3.191023, NNE, 55.943922, -3.190908, 2120.2, 2024.18
55.943922, -3.190908, NW, 55.944134, -3.191120, 2120.2, 2022.93
55.944134, -3.191120, SE, 55.943922, -3.190908, 2120.2, 2021.68
55.943922, -3.190908, E, 55.943922, -3.190608, 2120.2, 2020.43
55.943922, -3.190608, W, 55.943922, -3.190908, 2120.2, 2019.18
55.943922, -3.190908, ESE, 55.943807, -3.190631, 2120.2, 2017.93
55.943807, -3.190631, WNW, 55.943922, -3.190908, 2120.2, 2016.68
55.943922, -3.190908, NE, 55.944134, -3.190696, 2120.2, 2015.43
55.944134, -3.190696, SW, 55.943922, -3.190908, 2120.2, 2014.18
55.943922, -3.190908, SW, 55.943710, -3.191120, 2120.2, 2012.93
55.943710, -3.191120, NE, 55.943922, -3.190908, 2120.2, 2011.68
55.943922, -3.190908, NW, 55.944134, -3.191120, 2120.2, 2010.43
55.944134, -3.191120, SE, 55.943922, -3.190908, 2120.2, 2009.18
55.943922, -3.190908, NNE, 55.944199, -3.190793, 2120.2, 2007.93
55.944199, -3.190793, SSW, 55.943922, -3.190908, 2120.2, 2006.68
55.943922, -3.190908, WSW, 55.943807, -3.191185, 2120.2, 2005.43
55.943807, -3.191185, ENE, 55.943922, -3.190908, 2120.2, 2004.18
55.943922, -3.190908, WSW, 55.943807, -3.191185, 2120.2, 2002.93
55.943807, -3.191185, ENE, 55.943922, -3.190908, 2120.2, 2001.68
55.943922, -3.190908, NNW, 55.944199, -3.191023, 2120.2, 2000.43
55.944199, -3.191023, SSE, 55.943922, -3.190908, 2120.2, 1999.18
55.943922, -3.190908, NW, 55.944134, -3.191120, 2120.2, 1997.93
55.944134, -3.191120, SE, 55.943922, -3.190908, 2120.2, 1996.68
55.943922, -3.190908, S, 55.943622, -3.190908, 2120.2, 1995.43
55.943622, -3.190908, N, 55.943922, -3.190908, 2120.2, 1994.18
55.943922, -3.190908, W, 55.943922, -3.191208, 2120.2, 1992.93
55.943922, -3.191208, E, 55.943922, -3.190908, 2120.2, 1991.68
55.943922, -3.190908, SE, 55.943710, -3.190696, 2120.2, 1990.43
55.943710, -3.190696, NW, 55.943922, -3.190908, 2120.2, 1989.18
55.943922, -3.190908, SW, 55.943710, -3.191120, 2120.2, 1987.93
55.943710, -3.191120, NE, 55.943922, -3.190908, 2120.2, 1986.68
55.943922, -3.190908, SSW, 55.943645, -3.191023, 2120.2, 1985.43
55.943645, -3.191023, NNE, 55.943922, -3.190908, 2120.2, 1984.18
55.943922, -3.190908, SSE, 55.943645, -3.190793, 2120.2, 1982.93
55.943645, -3.190793, NNW, 55.943922, -3.190908, 2120.2, 1981.68
55.943922, -3.190908, NE, 55.944134, -3.190696, 2120.2, 1980.43
55.944134, -3.190696, SW, 55.943922, -3.190908, 2120.2, 1979.18
55.943922, -3.190908, NNE, 55.944199, -3.190793, 2120.2, 1977.93
55.944199, -3.190793, SSW, 55.943922, -3.190908, 2120.2, 1976.68
55.943922, -3.190908, S, 55.943622, -3.190908, 2120.2, 1975.43
55.943622, -3.190908, N, 55.943922, -3.190908, 2120.2, 1974.18
55.943922, -3.190908, NNE, 55.944199, -3.190793, 2120.2, 1972.93
55.944199, -3.190793, SSW, 55.943922, -3.190908, 2120.2, 1971.68
55.943922, -3.190908, NW, 55.944134, -3.191120, 2120.2, 1970.43
55.944134, -3.191120, SE, 55.943922, -3.190908, 2120.2, 1969.18
55.943922, -3.190908, NNW, 55.944199, -3.191023, 2120.2, 1967.93
55.944199, -3.191023, SSE, 55.943922, -3.190908, 2120.2, 1966.68
55.943922, -3.190908, NE, 55.944134, -3.190696, 2120.2, 1965.43
55.944134, -3.190696, SW, 55.943922, -3.190908, 2120.2, 1964.18
55.943922, -3.190908, WSW, 55.943807, -3.191185, 2120.2, 1962.93
55.943807, -3.191185, ENE, 55.943922, -3.190908, 2120.2, 1961.68
55.943922, -3.190908, W, 55.943922, -3.191208, 2120.2, 1960.43
55.943922, -3.191208, E, 55.943922, -3.190908, 2120.2, 1959.18
55.943922, -3.190908, E, 55.943922, -3.190608, 2120.2, 1957.93
55.943922, -3.190608, W, 55.943922, -3.190908, 2120.2, 1956.68
55.943922, -3.190908, N, 55.944222, -3.190908, 2120.2, 1955.43
55.944222, -3.190908, S, 55.943922, -3.190908, 2120.2, 1954.18
55.943922, -3.190908, WNW, 55.944037, -3.191185, 2120.2, 1952.93
55.944037, -3.191185, ESE, 55.943922, -3.190908, 2120.2, 1951.68
55.943922, -3.190908, WNW, 55.944037, -3.191185, 2120.2, 1950.43
55.944037, -3.191185, ESE, 55.943922, -3.190908, 2120.2, 1949.18
55.943922, -3.190908, WSW, 55.943807, -3.191185, 2120.2, 1947.93
55.943807, -3.191185, ENE, 55.943922, -3.190908, 2120.2, 1946.68
55.943922, -3.190908, NNW, 55.944199, -3.191023, 2120.2, 1945.43
55.944199, -3.191023, SSE, 55.943922, -3.190908, 2120.2, 1944.18
55.943922, -3.190908, S, 55.943622, -3.190908, 2120.2, 1942.93
55.943622, -3.190908, N, 55.943922, -3.190908, 2120.2, 1941.68
55.943922, -3.190908, E, 55.943922, -3.190608, 2120.2, 1940.43
55.943922, -3.190608, W, 55.943922, -3.190908, 2120.2, 1939.18
55.943922, -3.190908, S, 55.943622, -3.190908, 2120.2, 1937.93
55.943622, -3.190908, N, 55.943922, -3.190908, 2120.2, 1936.68
55.943922, -3.190908, WNW, 55.944037, -3.191185, 2120.2, 1935.43
55.944037, -3.191185, ESE, 55.943922, -3.190908, 2120.2, 1934.18
55.943922, -3.190908, NE, 55.944134, -3.190696, 2120.2, 1932.93
55.944134, -3.190696, SW, 55.943922, -3.190908, 2120.2, 1931.68
55.943922, -3.190908, E, 55.943922, -3.190608, 2120.2, 1930.43
55.943922, -3.190608, W, 55.943922, -3.190908, 2120.2, 1929.18
55.943922, -3.190908, W, 55.943922, -3.191208, 2120.2, 1927.93
55.943922, -3.191208, E, 55.943922, -3.190908, 2120.2, 1926.68
55.943922, -3.190908, ESE, 55.943807, -3.190631, 2120.2, 1925.43
55.943807, -3.190631, WNW, 55.943922, -3.190908, 2120.2, 1924.18
55.943922, -3.190908, NW, 55.944134, -3.191120, 2120.2, 1922.93
55.944134, -3.191120, SE, 55.943922, -3.190908, 2120.2, 1921.68
55.943922, -3.190908, E, 55.943922, -3.190608, 2120.2, 1920.43
55.943922, -3.190608, W, 55.943922, -3.190908, 2120.2, 1919.18
55.943922, -3.190908, W, 55.943922, -3.191208, 2120.2, 1917.93
55.943922, -3.191208, E, 55.943922, -3.190908, 2120.2, 1916.68
55.943922, -3.190908, SSE, 55.943645, -3.190793, 2120.2, 1915.43
55.943645, -3.190793, NNW, 55.943922, -3.190908, 2120.2, 1914.18
55.943922, -3.190908, S, 55.943622, -3.190908, 2120.2, 1912.93
55.943622, -3.190908, N, 55.943922, -3.190908, 2120.2, 1911.68
55.943922, -3.190908, NW, 55.944134, -3.191120, 2120.2, 1910.43
55.944134, -3.191120, SE, 55.943922, -3.190908, 2120.2, 1909.18
55.943922, -3.190908, NNE, 55.944199, -3.190793, 2120.2, 1907.93
55.944199, -3.190793, SSW, 55.943922, -3.190908, 2120.2, 1906.68
55.943922, -3.190908, SE, 55.943710, -3.190696, 2120.2, 1905.43
55.943710, -3.190696, NW, 55.943922, -3.190908, 2120.2, 1904.18
55.943922, -3.190908, N, 55.944222, -3.190908, 2120.2, 1902.93
55.944222, -3.190908, S, 55.943922, -3.190908, 2120.2, 1901.68
55.943922, -3.190908, NE, 55.944134, -3.190696, 2120.2, 1900.43
55.944134, -3.190696, SW, 55.943922, -3.190908, 2120.2, 1899.18
55.943922, -3.190908, N, 55.944222, -3.190908, 2120.2, 1897.93
55.944222, -3.190908, S, 55.943922, -3.190908, 2120.2, 1896.68
55.943922, -3.190908, NW, 55.944134, -3.191120, 2120.2, 1895.43
55.944134, -3.191120, SE, 55.943922, -3.190908, 2120.2, 1894.18
55.943922, -3.190908, NW, 55.944134, -3.191120, 2120.2, 1892.93
55.944134, -3.191120, SE, 55.943922, -3.190908, 2120.2, 1891.68
55.943922, -3.190908, ENE, 55.944037, -3.190631, 2120.2, 1890.43
55.944037, -3.190631, WSW, 55.943922, -3.190908, 2120.2, 1889.18
55.943922, -3.190908, W, 55.943922, -3.191208, 2120.2, 1887.93
55.943922, -3.191208, E, 55.943922, -3.190908, 2120.2, 1886.68
55.943922, -3.190908, NE, 55.944134, -3.190696, 2120.2, 1885.43
55.944134, -3.190696, SW, 55.943922, -3.190908, 2120.2, 1884.18
55.943922, -3.190908, N, 55.944222, -3.190908, 2120.2, 1882.93
55.944222, -3.190908, S, 55.943922, -3.190908, 2120.2, 1881.68
55.943922, -3.190908, S, 55.943622, -3.190908, 2120.2, 1880.43
55.943622, -3.190908, N, 55.943922, -3.190908, 2120.2, 1879.18

