55.943700, -3.189300, ENE, 55.943815, -3.189023, 0.0, 248.75
55.943815, -3.189023, ENE, 55.943930, -3.188746, 55.6, 320.70
55.943930, -3.188746, ENE, 55.944044, -3.188469, 96.9, 377.18
55.944044, -3.188469, ENE, 55.944159, -3.188191, 134.0, 466.74
55.944159, -3.188191, N, 55.944459, -3.188191, 134.0, 465.49
55.944459, -3.188191, N, 55.944759, -3.188191, 198.4, 569.47
55.944759, -3.188191, NW, 55.944971, -3.188403, 245.1, 642.87
55.944971, -3.188403, E, 55.944971, -3.188103, 245.1, 641.62
55.944971, -3.188103, NNE, 55.945249, -3.187989, 275.8, 699.76
55.945249, -3.187989, N, 55.945549, -3.187989, 275.8, 698.51
55.945549, -3.187989, N, 55.945849, -3.187989, 275.8, 697.26
55.945849, -3.187989, NNE, 55.946126, -3.187874, 278.9, 730.86
55.946126, -3.187874, E, 55.946126, -3.187574, 278.9, 729.61
55.946126, -3.187574, E, 55.946126, -3.187274, 278.9, 728.36
55.946126, -3.187274, E, 55.946126, -3.186974, 278.9, 727.11
55.946126, -3.186974, E, 55.946126, -3.186674, 352.6, 761.50
55.946126, -3.186674, E, 55.946126, -3.186374, 352.6, 760.25
55.946126, -3.186374, E, 55.946126, -3.186074, 438.2, 787.13
55.946126, -3.186074, S, 55.945826, -3.186074, 438.2, 785.88
55.945826, -3.186074, S, 55.945526, -3.186074, 438.2, 784.63
55.945526, -3.186074, S, 55.945226, -3.186074, 442.5, 825.69
55.945226, -3.186074, S, 55.944926, -3.186074, 527.3, 867.43
55.944926, -3.186074, SSE, 55.944649, -3.185959, 570.1, 909.29
55.944649, -3.185959, SSW, 55.944371, -3.186074, 570.1, 908.04
55.944371, -3.186074, SW, 55.944159, -3.186286, 610.0, 948.37
55.944159, -3.186286, SSW, 55.943882, -3.186401, 610.0, 947.12
55.943882, -3.186401, SSW, 55.943605, -3.186516, 698.5, 1051.97
55.943605, -3.186516, W, 55.943605, -3.186816, 698.5, 1050.72
55.943605, -3.186816, WSW, 55.943490, -3.187093, 784.0, 1145.17
55.943490, -3.187093, NNW, 55.943767, -3.187208, 784.0, 1143.92
55.943767, -3.187208, NNW, 55.944044, -3.187322, 784.0, 1142.67
55.944044, -3.187322, NNW, 55.944322, -3.187437, 810.1, 1176.47
55.944322, -3.187437, SSW, 55.944044, -3.187552, 810.1, 1175.22
55.944044, -3.187552, S, 55.943744, -3.187552, 810.1, 1173.97
55.943744, -3.187552, SSW, 55.943467, -3.187667, 810.1, 1172.72
55.943467, -3.187667, S, 55.943167, -3.187667, 810.1, 1171.47
55.943167, -3.187667, SSW, 55.942890, -3.187782, 918.3, 1246.20
55.942890, -3.187782, E, 55.942890, -3.187482, 918.3, 1244.95
55.942890, -3.187482, E, 55.942890, -3.187182, 918.3, 1243.70
55.942890, -3.187182, E, 55.942890, -3.186882, 918.3, 1242.45
55.942890, -3.186882, SE, 55.942678, -3.186669, 918.3, 1241.20
55.942678, -3.186669, E, 55.942678, -3.186369, 918.3, 1239.95
55.942678, -3.186369, E, 55.942678, -3.186069, 918.3, 1238.70
55.942678, -3.186069, E, 55.942678, -3.185769, 934.2, 1238.75
55.942678, -3.185769, NNE, 55.942955, -3.185655, 934.2, 1237.50
55.942955, -3.185655, NNE, 55.943232, -3.185540, 1006.1, 1282.27
55.943232, -3.185540, NE, 55.943444, -3.185328, 1006.1, 1281.02
55.943444, -3.185328, NNE, 55.943722, -3.185213, 1081.0, 1379.54
55.943722, -3.185213, ENE, 55.943836, -3.184936, 1081.0, 1378.29
55.943836, -3.184936, ENE, 55.943951, -3.184659, 981.4, 1328.18
55.943951, -3.184659, N, 55.944251, -3.184659, 981.4, 1326.93
55.944251, -3.184659, N, 55.944551, -3.184659, 981.4, 1325.68
55.944551, -3.184659, N, 55.944851, -3.184659, 981.4, 1324.43
55.944851, -3.184659, N, 55.945151, -3.184659, 981.4, 1323.18
55.945151, -3.184659, N, 55.945451, -3.184659, 981.4, 1321.93
55.945451, -3.184659, NNW, 55.945728, -3.184773, 1062.9, 1323.68
55.945728, -3.184773, NW, 55.945940, -3.184986, 1155.7, 1412.49
55.945940, -3.184986, W, 55.945940, -3.185286, 1155.7, 1411.24
55.945940, -3.185286, W, 55.945940, -3.185586, 1155.7, 1409.99
55.945940, -3.185586, W, 55.945940, -3.185886, 1155.7, 1408.74
55.945940, -3.185886, W, 55.945940, -3.186186, 1155.7, 1407.49
55.945940, -3.186186, W, 55.945940, -3.186486, 1155.7, 1406.24
55.945940, -3.186486, WSW, 55.945826, -3.186763, 1155.7, 1404.99
55.945826, -3.186763, W, 55.945826, -3.187063, 1155.7, 1403.74
55.945826, -3.187063, WSW, 55.945711, -3.187340, 1155.7, 1402.49
55.945711, -3.187340, W, 55.945711, -3.187640, 1155.7, 1401.24
55.945711, -3.187640, WSW, 55.945596, -3.187917, 1155.7, 1399.99
55.945596, -3.187917, W, 55.945596, -3.188217, 1155.7, 1398.74
55.945596, -3.188217, WSW, 55.945481, -3.188494, 1155.7, 1397.49
55.945481, -3.188494, NNW, 55.945758, -3.188609, 1155.7, 1396.24
55.945758, -3.188609, WNW, 55.945873, -3.188886, 1155.7, 1394.99
55.945873, -3.188886, SW, 55.945661, -3.189098, 1155.7, 1393.74
55.945661, -3.189098, WSW, 55.945546, -3.189375, 1155.7, 1392.49
55.945546, -3.189375, SW, 55.945334, -3.189588, 1246.6, 1429.64
55.945334, -3.189588, WNW, 55.945449, -3.189865, 1348.9, 1524.20
55.945449, -3.189865, NW, 55.945661, -3.190077, 1457.3, 1623.70
55.945661, -3.190077, NNW, 55.945938, -3.190192, 1468.2, 1683.61
55.945938, -3.190192, SW, 55.945726, -3.190404, 1468.2, 1682.36
55.945726, -3.190404, SW, 55.945514, -3.190616, 1497.1, 1739.39
55.945514, -3.190616, SSW, 55.945237, -3.190731, 1497.1, 1738.14
55.945237, -3.190731, SSW, 55.944960, -3.190846, 1536.1, 1779.53
55.944960, -3.190846, ESE, 55.944845, -3.190568, 1536.1, 1778.28
55.944845, -3.190568, E, 55.944845, -3.190268, 1569.6, 1891.82
55.944845, -3.190268, SE, 55.944633, -3.190056, 1569.6, 1890.57
55.944633, -3.190056, SSE, 55.944356, -3.189941, 1694.1, 1940.55
55.944356, -3.189941, SW, 55.944143, -3.190154, 1694.1, 1939.30
55.944143, -3.190154, SW, 55.943931, -3.190366, 1694.1, 1938.05
55.943931, -3.190366, SW, 55.943719, -3.190578, 1694.1, 1936.80
55.943719, -3.190578, SW, 55.943507, -3.190790, 1761.5, 1939.04
55.943507, -3.190790, S, 55.943207, -3.190790, 1761.5, 1937.79
55.943207, -3.190790, SSE, 55.942930, -3.190675, 1774.9, 1954.69
55.942930, -3.190675, W, 55.942930, -3.190975, 1787.8, 1964.50
55.942930, -3.190975, NW, 55.943142, -3.191187, 1787.8, 1963.25
55.943142, -3.191187, NW, 55.943354, -3.191399, 1787.8, 1962.00
55.943354, -3.191399, NNW, 55.943631, -3.191514, 1831.9, 2084.22
55.943631, -3.191514, WSW, 55.943517, -3.191791, 1831.9, 2082.97
55.943517, -3.191791, SW, 55.943304, -3.192004, 1923.6, 2177.91
55.943304, -3.192004, WNW, 55.943419, -3.192281, 2006.1, 2189.32
55.943419, -3.192281, ESE, 55.943304, -3.192004, 2006.1, 2188.07
55.943304, -3.192004, ESE, 55.943190, -3.191726, 2006.1, 2186.82
55.943190, -3.191726, E, 55.943190, -3.191426, 2006.1, 2185.57
55.943190, -3.191426, ESE, 55.943075, -3.191149, 2006.1, 2184.32
55.943075, -3.191149, E, 55.943075, -3.190849, 2101.5, 2219.60
55.943075, -3.190849, E, 55.943075, -3.190549, 2101.5, 2218.35
55.943075, -3.190549, E, 55.943075, -3.190249, 2101.5, 2217.10
55.943075, -3.190249, W, 55.943075, -3.190549, 2101.5, 2215.85
55.943075, -3.190549, E, 55.943075, -3.190249, 2101.5, 2214.60
55.943075, -3.190249, W, 55.943075, -3.190549, 2101.5, 2213.35
55.943075, -3.190549, E, 55.943075, -3.190249, 2101.5, 2212.10
55.943075, -3.190249, W, 55.943075, -3.190549, 2101.5, 2210.85
55.943075, -3.190549, E, 55.943075, -3.190249, 2101.5, 2209.60
55.943075, -3.190249, W, 55.943075, -3.190549, 2101.5, 2208.35
55.943075, -3.190549, E, 55.943075, -3.190249, 2101.5, 2207.10
55.943075, -3.190249, W, 55.943075, -3.190549, 2101.5, 2205.85
55.943075, -3.190549, E, 55.943075, -3.190249, 2101.5, 2204.60
55.943075, -3.190249, W, 55.943075, -3.190549, 2101.5, 2203.35
55.943075, -3.190549, E, 55.943075, -3.190249, 2101.5, 2202.10
55.943075, -3.190249, W, 55.943075, -3.190549, 2101.5, 2200.85
55.943075, -3.190549, E, 55.943075, -3.190249, 2101.5, 2199.60
55.943075, -3.190249, W, 55.943075, -3.190549, 2101.5, 2198.35
55.943075, -3.190549, E, 55.943075, -3.190249, 2101.5, 2197.10
55.943075, -3.190249, W, 55.943075, -3.190549, 2101.5, 2195.85
55.943075, -3.190549, E, 55.943075, -3.190249, 2101.5, 2194.60
55.943075, -3.190249, W, 55.943075, -3.190549, 2101.5, 2193.35
55.943075, -3.190549, E, 55.943075, -3.190249, 2101.5, 2192.10
55.943075, -3.190249, W, 55.943075, -3.190549, 2101.5, 2190.85
55.943075, -3.190549, E, 55.943075, -3.190249, 2101.5, 2189.60
55.943075, -3.190249, W, 55.943075, -3.190549, 2101.5, 2188.35
55.943075, -3.190549, E, 55.943075, -3.190249, 2101.5, 2187.10
55.943075, -3.190249, W, 55.943075, -3.190549, 2101.5, 2185.85
55.943075, -3.190549, E, 55.943075, -3.190249, 2101.5, 2184.60
55.943075, -3.190249, W, 55.943075, -3.190549, 2101.5, 2183.35
55.943075, -3.190549, E, 55.943075, -3.190249, 2101.5, 2182.10
55.943075, -3.190249, W, 55.943075, -3.190549, 2101.5, 2180.85
55.943075, -3.190549, E, 55.943075, -3.190249, 2101.5, 2179.60
55.943075, -3.190249, W, 55.943075, -3.190549, 2101.5, 2178.35
55.943075, -3.190549, E, 55.943075, -3.190249, 2101.5, 2177.10
55.943075, -3.190249, W, 55.943075, -3.190549, 2101.5, 2175.85
55.943075, -3.190549, E, 55.943075, -3.190249, 2101.5, 2174.60
55.943075, -3.190249, W, 55.943075, -3.190549, 2101.5, 2173.35
55.943075, -3.190549, E, 55.943075, -3.190249, 2101.5, 2172.10
55.943075, -3.190249, W, 55.943075, -3.190549, 2101.5, 2170.85
55.943075, -3.190549, E, 55.943075, -3.190249, 2101.5, 2169.60
55.943075, -3.190249, W, 55.943075, -3.190549, 2101.5, 2168.35
55.943075, -3.190549, E, 55.943075, -3.190249, 2101.5, 2167.10
55.943075, -3.190249, W, 55.943075, -3.190549, 2101.5, 2165.85
55.943075, -3.190549, E, 55.943075, -3.190249, 2101.5, 2164.60
55.943075, -3.190249, W, 55.943075, -3.190549, 2101.5, 2163.35
55.943075, -3.190549, E, 55.943075, -3.190249, 2101.5, 2162.10
55.943075, -3.190249, W, 55.943075, -3.190549, 2101.5, 2160.85
55.943075, -3.190549, E, 55.943075, -3.190249, 2101.5, 2159.60
55.943075, -3.190249, W, 55.943075, -3.190549, 2101.5, 2158.35
55.943075, -3.190549, E, 55.943075, -3.190249, 2101.5, 2157.10
55.943075, -3.190249, W, 55.943075, -3.190549, 2101.5, 2155.85
55.943075, -3.190549, E, 55.943075, -3.190249, 2101.5, 2154.60
55.943075, -3.190249, W, 55.943075, -3.190549, 2101.5, 2153.35
55.943075, -3.190549, E, 55.943075, -3.190249, 2101.5, 2152.10
55.943075, -3.190249, W, 55.943075, -3.190549, 2101.5, 2150.85
55.943075, -3.190549, E, 55.943075, -3.190249, 2101.5, 2149.60
55.943075, -3.190249, W, 55.943075, -3.190549, 2101.5, 2148.35
55.943075, -3.190549, E, 55.943075, -3.190249, 2101.5, 2147.10
55.943075, -3.190249, W, 55.943075, -3.190549, 2101.5, 2145.85
55.943075, -3.190549, E, 55.943075, -3.190249, 2101.5, 2144.60
55.943075, -3.190249, W, 55.943075, -3.190549, 2101.5, 2143.35
55.943075, -3.190549, E, 55.943075, -3.190249, 2101.5, 2142.10
55.943075, -3.190249, W, 55.943075, -3.190549, 2101.5, 2140.85
55.943075, -3.190549, E, 55.943075, -3.190249, 2101.5, 2139.60
55.943075, -3.190249, W, 55.943075, -3.190549, 2101.5, 2138.35
55.943075, -3.190549, E, 55.943075, -3.190249, 2101.5, 2137.10
55.943075, -3.190249, W, 55.943075, -3.190549, 2101.5, 2135.85
55.943075, -3.190549, E, 55.943075, -3.190249, 2101.5, 2134.60
55.943075, -3.190249, W, 55.943075, -3.190549, 2101.5, 2133.35
55.943075, -3.190549, E, 55.943075, -3.190249, 2101.5, 2132.10
55.943075, -3.190249, W, 55.943075, -3.190549, 2101.5, 2130.85
55.943075, -3.190549, E, 55.943075, -3.190249, 2101.5, 2129.60
55.943075, -3.190249, W, 55.943075, -3.190549, 2101.5, 2128.35
55.943075, -3.190549, E, 55.943075, -3.190249, 2101.5, 2127.10
55.943075, -3.190249, W, 55.943075, -3.190549, 2101.5, 2125.85
55.943075, -3.190549, E, 55.943075, -3.190249, 2101.5, 2124.60
55.943075, -3.190249, W, 55.943075, -3.190549, 2101.5, 2123.35
55.943075, -3.190549, E, 55.943075, -3.190249, 2101.5, 2122.10
55.943075, -3.190249, W, 55.943075, -3.190549, 2101.5, 2120.85
55.943075, -3.190549, E, 55.943075, -3.190249, 2101.5, 2119.60
55.943075, -3.190249, W, 55.943075, -3.190549, 2101.5, 2118.35
55.943075, -3.190549, E, 55.943075, -3.190249, 2101.5, 2117.10
55.943075, -3.190249, W, 55.943075, -3.190549, 2101.5, 2115.85
55.943075, -3.190549, E, 55.943075, -3.190249, 2101.5, 2114.60
55.943075, -3.190249, W, 55.943075, -3.190549, 2101.5, 2113.35
55.943075, -3.190549, E, 55.943075, -3.190249, 2101.5, 2112.10
55.943075, -3.190249, W, 55.943075, -3.190549, 2101.5, 2110.85
55.943075, -3.190549, E, 55.943075, -3.190249, 2101.5, 2109.60
55.943075, -3.190249, W, 55.943075, -3.190549, 2101.5, 2108.35
55.943075, -3.190549, E, 55.943075, -3.190249, 2101.5, 2107.10
55.943075, -3.190249, W, 55.943075, -3.190549, 2101.5, 2105.85
55.943075, -3.190549, E, 55.943075, -3.190249, 2101.5, 2104.60
55.943075, -3.190249, W, 55.943075, -3.190549, 2101.5, 2103.35
55.943075, -3.190549, E, 55.943075, -3.190249, 2101.5, 2102.10
55.943075, -3.190249, W, 55.943075, -3.190549, 2101.5, 2100.85
55.943075, -3.190549, E, 55.943075, -3.190249, 2101.5, 2099.60
55.943075, -3.190249, W, 55.943075, -3.190549, 2101.5, 2098.35
55.943075, -3.190549, E, 55.943075, -3.190249, 2101.5, 2097.10
55.943075, -3.190249, W, 55.943075, -3.190549, 2101.5, 2095.85
55.943075, -3.190549, E, 55.943075, -3.190249, 2101.5, 2094.60
55.943075, -3.190249, W, 55.943075, -3.190549, 2101.5, 2093.35
55.943075, -3.190549, E, 55.943075, -3.190249, 2101.5, 2092.10
55.943075, -3.190249, W, 55.943075, -3.190549, 2101.5, 2090.85
55.943075, -3.190549, E, 55.943075, -3.190249, 2101.5, 2089.60
55.943075, -3.190249, W, 55.943075, -3.190549, 2101.5, 2088.35
55.943075, -3.190549, E, 55.943075, -3.190249, 2101.5, 2087.10
55.943075, -3.190249, W, 55.943075, -3.190549, 2101.5, 2085.85
55.943075, -3.190549, E, 55.943075, -3.190249, 2101.5, 2084.60
55.943075, -3.190249, W, 55.943075, -3.190549, 2101.5, 2083.35
55.943075, -3.190549, E, 55.943075, -3.190249, 2101.5, 2082.10
55.943075, -3.190249, W, 55.943075, -3.190549, 2101.5, 2080.85
55.943075, -3.190549, E, 55.943075, -3.190249, 2101.5, 2079.60
55.943075, -3.190249, W, 55.943075, -3.190549, 2101.5, 2078.35
55.943075, -3.190549, E, 55.943075, -3.190249, 2101.5, 2077.10
55.943075, -3.190249, W, 55.943075, -3.190549, 2101.5, 2075.85
55.943075, -3.190549, E, 55.943075, -3.190249, 2101.5, 2074.60
55.943075, -3.190249, W, 55.943075, -3.190549, 2101.5, 2073.35
55.943075, -3.190549, E, 55.943075, -3.190249, 2101.5, 2072.10
55.943075, -3.190249, W, 55.943075, -3.190549, 2101.5, 2070.85
55.943075, -3.190549, E, 55.943075, -3.190249, 2101.5, 2069.60
55.943075, -3.190249, W, 55.943075, -3.190549, 2101.5, 2068.35
55.943075, -3.190549, E, 55.943075, -3.190249, 2101.5, 2067.10
55.943075, -3.190249, W, 55.943075, -3.190549, 2101.5, 2065.85
55.943075, -3.190549, E, 55.943075, -3.190249, 2101.5, 2064.60
55.943075, -3.190249, W, 55.943075, -3.190549, 2101.5, 2063.35
55.943075, -3.190549, E, 55.943075, -3.190249, 2101.5, 2062.10
55.943075, -3.190249, W, 55.943075, -3.190549, 2101.5, 2060.85
55.943075, -3.190549, E, 55.943075, -3.190249, 2101.5, 2059.60
55.943075, -3.190249, W, 55.943075, -3.190549, 2101.5, 2058.35
55.943075, -3.190549, E, 55.943075, -3.190249, 2101.5, 2057.10
55.943075, -3.190249, W, 55.943075, -3.190549, 2101.5, 2055.85
55.943075, -3.190549, E, 55.943075, -3.190249, 2101.5, 2054.60
55.943075, -3.190249, W, 55.943075, -3.190549, 2101.5, 2053.35
55.943075, -3.190549, E, 55.943075, -3.190249, 2101.5, 2052.10
55.943075, -3.190249, W, 55.943075, -3.190549, 2101.5, 2050.85
55.943075, -3.190549, E, 55.943075, -3.190249, 2101.5, 2049.60
55.943075, -3.190249, W, 55.943075, -3.190549, 2101.5, 2048.35
55.943075, -3.190549, E, 55.943075, -3.190249, 2101.5, 2047.10
55.943075, -3.190249, W, 55.943075, -3.190549, 2101.5, 2045.85
55.943075, -3.190549, E, 55.943075, -3.190249, 2101.5, 2044.60
55.943075, -3.190249, W, 55.943075, -3.190549, 2101.5, 2043.35
55.943075, -3.190549, E, 55.943075, -3.190249, 2101.5, 2042.10
55.943075, -3.190249, W, 55.943075, -3.190549, 2101.5, 2040.85
55.943075, -3.190549, E, 55.943075, -3.190249, 2101.5, 2039.60
55.943075, -3.190249, W, 55.943075, -3.190549, 2101.5, 2038.35
55.943075, -3.190549, E, 55.943075, -3.190249, 2101.5, 2037.10
55.943075, -3.190249, W, 55.943075, -3.190549, 2101.5, 2035.85

