55.943700, -3.189300, NNE, 55.943977, -3.189185, 36.8, 363.44
55.943977, -3.189185, WNW, 55.944092, -3.189462, 36.8, 362.19
55.944092, -3.189462, NW, 55.944304, -3.189674, 88.4, 466.55
55.944304, -3.189674, SSW, 55.944027, -3.189789, 88.4, 465.30
55.944027, -3.189789, WSW, 55.943912, -3.190066, 177.3, 465.98
55.943912, -3.190066, W, 55.943912, -3.190366, 239.9, 552.40
55.943912, -3.190366, WSW, 55.943797, -3.190644, 239.9, 551.15
55.943797, -3.190644, W, 55.943797, -3.190944, 239.9, 549.90
55.943797, -3.190944, W, 55.943797, -3.191244, 257.4, 633.02
55.943797, -3.191244, NNW, 55.944074, -3.191358, 257.4, 631.77
55.944074, -3.191358, NNE, 55.944352, -3.191244, 314.0, 681.64
55.944352, -3.191244, WNW, 55.944466, -3.191521, 314.0, 680.39
55.944466, -3.191521, NNW, 55.944744, -3.191636, 398.8, 694.34
55.944744, -3.191636, NNE, 55.945021, -3.191521, 398.8, 693.09
55.945021, -3.191521, NNE, 55.945298, -3.191406, 398.8, 691.84
55.945298, -3.191406, NE, 55.945510, -3.191194, 445.6, 729.66
55.945510, -3.191194, NE, 55.945722, -3.190982, 445.6, 728.41
55.945722, -3.190982, E, 55.945722, -3.190682, 475.8, 818.29
55.945722, -3.190682, E, 55.945722, -3.190382, 475.8, 817.04
55.945722, -3.190382, ESE, 55.945607, -3.190105, 521.4, 887.80
55.945607, -3.190105, SE, 55.945395, -3.189892, 521.4, 886.55
55.945395, -3.189892, E, 55.945395, -3.189592, 552.5, 1005.01
55.945395, -3.189592, SSW, 55.945118, -3.189707, 552.5, 1003.76
55.945118, -3.189707, ESE, 55.945003, -3.189430, 552.5, 1002.51
55.945003, -3.189430, ESE, 55.944889, -3.189153, 552.5, 1001.26
55.944889, -3.189153, ESE, 55.944774, -3.188876, 675.7, 1041.39
55.944774, -3.188876, ESE, 55.944659, -3.188599, 675.7, 1040.14
55.944659, -3.188599, E, 55.944659, -3.188299, 705.0, 1095.69
55.944659, -3.188299, ESE, 55.944544, -3.188021, 705.0, 1094.44
55.944544, -3.188021, SE, 55.944332, -3.187809, 808.8, 1125.60
55.944332, -3.187809, ENE, 55.944447, -3.187532, 850.6, 1137.37
55.944447, -3.187532, SSW, 55.944170, -3.187647, 850.6, 1136.12
55.944170, -3.187647, SW, 55.943957, -3.187859, 868.2, 1159.43
55.943957, -3.187859, SSE, 55.943680, -3.187744, 868.2, 1158.18
55.943680, -3.187744, S, 55.943380, -3.187744, 942.2, 1216.25
55.943380, -3.187744, SW, 55.943168, -3.187956, 984.1, 1296.54
55.943168, -3.187956, WSW, 55.943053, -3.188234, 984.1, 1295.29
55.943053, -3.188234, WNW, 55.943168, -3.188511, 1084.0, 1411.78
55.943168, -3.188511, W, 55.943168, -3.188811, 1084.0, 1410.53
55.943168, -3.188811, WSW, 55.943053, -3.189088, 1084.0, 1409.28
55.943053, -3.189088, W, 55.943053, -3.189388, 1084.0, 1408.03
55.943053, -3.189388, WSW, 55.942939, -3.189665, 1084.0, 1406.78
55.942939, -3.189665, W, 55.942939, -3.189965, 1084.0, 1405.53
55.942939, -3.189965, WSW, 55.942824, -3.190242, 1084.0, 1404.28
55.942824, -3.190242, W, 55.942824, -3.190542, 1180.7, 1437.22
55.942824, -3.190542, NW, 55.943036, -3.190754, 1180.7, 1435.97
55.943036, -3.190754, WNW, 55.943151, -3.191031, 1180.7, 1434.72
55.943151, -3.191031, NW, 55.943363, -3.191244, 1180.7, 1433.47
55.943363, -3.191244, WSW, 55.943248, -3.191521, 1180.7, 1432.22
55.943248, -3.191521, W, 55.943248, -3.191821, 1180.7, 1430.97
55.943248, -3.191821, NNW, 55.943525, -3.191936, 1180.7, 1429.72
55.943525, -3.191936, NW, 55.943737, -3.192148, 1180.7, 1428.47
55.943737, -3.192148, N, 55.944037, -3.192148, 1290.4, 1494.84
55.944037, -3.192148, SSE, 55.943760, -3.192033, 1290.4, 1493.59
55.943760, -3.192033, ENE, 55.943875, -3.191756, 1290.4, 1492.34
55.943875, -3.191756, ENE, 55.943990, -3.191479, 1290.4, 1491.09
55.943990, -3.191479, ENE, 55.944105, -3.191201, 1290.4, 1489.84
55.944105, -3.191201, ENE, 55.944219, -3.190924, 1290.4, 1488.59
55.944219, -3.190924, ENE, 55.944334, -3.190647, 1290.4, 1487.34
55.944334, -3.190647, ENE, 55.944449, -3.190370, 1290.4, 1486.09
55.944449, -3.190370, ENE, 55.944564, -3.190093, 1290.4, 1484.84
55.944564, -3.190093, ENE, 55.944679, -3.189816, 1290.4, 1483.59
55.944679, -3.189816, ENE, 55.944793, -3.189538, 1290.4, 1482.34
55.944793, -3.189538, ENE, 55.944908, -3.189261, 1290.4, 1481.09
55.944908, -3.189261, ENE, 55.945023, -3.188984, 1290.4, 1479.84
55.945023, -3.188984, ENE, 55.945138, -3.188707, 1290.4, 1478.59
55.945138, -3.188707, NNE, 55.945415, -3.188592, 1290.4, 1477.34
55.945415, -3.188592, N, 55.945715, -3.188592, 1290.4, 1476.09
55.945715, -3.188592, SE, 55.945503, -3.188380, 1265.1, 1442.32
55.945503, -3.188380, E, 55.945503, -3.188080, 1347.3, 1443.88
55.945503, -3.188080, N, 55.945803, -3.188080, 1400.4, 1462.92
55.945803, -3.188080, ENE, 55.945918, -3.187803, 1400.4, 1461.67
55.945918, -3.187803, E, 55.945918, -3.187503, 1424.9, 1476.56
55.945918, -3.187503, SSW, 55.945640, -3.187618, 1516.0, 1486.93
55.945640, -3.187618, ENE, 55.945755, -3.187340, 1516.0, 1485.68
55.945755, -3.187340, ENE, 55.945870, -3.187063, 1516.0, 1484.43
55.945870, -3.187063, ENE, 55.945985, -3.186786, 1546.8, 1591.61
55.945985, -3.186786, SSE, 55.945708, -3.186671, 1546.8, 1590.36
55.945708, -3.186671, SSE, 55.945431, -3.186557, 1546.8, 1589.11
55.945431, -3.186557, SSE, 55.945153, -3.186442, 1547.4, 1709.77
55.945153, -3.186442, SE, 55.944941, -3.186230, 1547.4, 1708.52
55.944941, -3.186230, SE, 55.944729, -3.186017, 1547.4, 1707.27
55.944729, -3.186017, SSW, 55.944452, -3.186132, 1609.8, 1727.62
55.944452, -3.186132, WSW, 55.944337, -3.186409, 1694.2, 1774.48
55.944337, -3.186409, SE, 55.944125, -3.186197, 1694.2, 1773.23
55.944125, -3.186197, ESE, 55.944010, -3.185920, 1694.2, 1771.98
55.944010, -3.185920, SE, 55.943798, -3.185708, 1750.1, 1869.56
55.943798, -3.185708, ESE, 55.943683, -3.185431, 1750.1, 1868.31
55.943683, -3.185431, SE, 55.943471, -3.185219, 1750.1, 1867.06
55.943471, -3.185219, S, 55.943171, -3.185219, 1750.1, 1865.81
55.943171, -3.185219, SSW, 55.942894, -3.185334, 1837.1, 1966.04
55.942894, -3.185334, E, 55.942894, -3.185034, 1837.1, 1964.79
55.942894, -3.185034, WNW, 55.943009, -3.185311, 1837.1, 1963.54
55.943009, -3.185311, E, 55.943009, -3.185011, 1837.1, 1962.29
55.943009, -3.185011, W, 55.943009, -3.185311, 1837.1, 1961.04
55.943009, -3.185311, E, 55.943009, -3.185011, 1837.1, 1959.79
55.943009, -3.185011, W, 55.943009, -3.185311, 1837.1, 1958.54
55.943009, -3.185311, E, 55.943009, -3.185011, 1837.1, 1957.29
55.943009, -3.185011, W, 55.943009, -3.185311, 1837.1, 1956.04
55.943009, -3.185311, E, 55.943009, -3.185011, 1837.1, 1954.79
55.943009, -3.185011, W, 55.943009, -3.185311, 1837.1, 1953.54
55.943009, -3.185311, E, 55.943009, -3.185011, 1837.1, 1952.29
55.943009, -3.185011, W, 55.943009, -3.185311, 1837.1, 1951.04
55.943009, -3.185311, E, 55.943009, -3.185011, 1837.1, 1949.79
55.943009, -3.185011, W, 55.943009, -3.185311, 1837.1, 1948.54
55.943009, -3.185311, E, 55.943009, -3.185011, 1837.1, 1947.29
55.943009, -3.185011, W, 55.943009, -3.185311, 1837.1, 1946.04
55.943009, -3.185311, E, 55.943009, -3.185011, 1837.1, 1944.79
55.943009, -3.185011, W, 55.943009, -3.185311, 1837.1, 1943.54
55.943009, -3.185311, E, 55.943009, -3.185011, 1837.1, 1942.29
55.943009, -3.185011, W, 55.943009, -3.185311, 1837.1, 1941.04
55.943009, -3.185311, E, 55.943009, -3.185011, 1837.1, 1939.79
55.943009, -3.185011, W, 55.943009, -3.185311, 1837.1, 1938.54
55.943009, -3.185311, E, 55.943009, -3.185011, 1837.1, 1937.29
55.943009, -3.185011, W, 55.943009, -3.185311, 1837.1, 1936.04
55.943009, -3.185311, E, 55.943009, -3.185011, 1837.1, 1934.79
55.943009, -3.185011, W, 55.943009, -3.185311, 1837.1, 1933.54
55.943009, -3.185311, E, 55.943009, -3.185011, 1837.1, 1932.29
55.943009, -3.185011, W, 55.943009, -3.185311, 1837.1, 1931.04
55.943009, -3.185311, E, 55.943009, -3.185011, 1837.1, 1929.79
55.943009, -3.185011, W, 55.943009, -3.185311, 1837.1, 1928.54
55.943009, -3.185311, E, 55.943009, -3.185011, 1837.1, 1927.29
55.943009, -3.185011, W, 55.943009, -3.185311, 1837.1, 1926.04
55.943009, -3.185311, E, 55.943009, -3.185011, 1837.1, 1924.79
55.943009, -3.185011, W, 55.943009, -3.185311, 1837.1, 1923.54
55.943009, -3.185311, E, 55.943009, -3.185011, 1837.1, 1922.29
55.943009, -3.185011, W, 55.943009, -3.185311, 1837.1, 1921.04
55.943009, -3.185311, E, 55.943009, -3.185011, 1837.1, 1919.79
55.943009, -3.185011, W, 55.943009, -3.185311, 1837.1, 1918.54
55.943009, -3.185311, E, 55.943009, -3.185011, 1837.1, 1917.29
55.943009, -3.185011, W, 55.943009, -3.185311, 1837.1, 1916.04
55.943009, -3.185311, E, 55.943009, -3.185011, 1837.1, 1914.79
55.943009, -3.185011, W, 55.943009, -3.185311, 1837.1, 1913.54
55.943009, -3.185311, E, 55.943009, -3.185011, 1837.1, 1912.29
55.943009, -3.185011, W, 55.943009, -3.185311, 1837.1, 1911.04
55.943009, -3.185311, E, 55.943009, -3.185011, 1837.1, 1909.79
55.943009, -3.185011, W, 55.943009, -3.185311, 1837.1, 1908.54
55.943009, -3.185311, E, 55.943009, -3.185011, 1837.1, 1907.29
55.943009, -3.185011, W, 55.943009, -3.185311, 1837.1, 1906.04
55.943009, -3.185311, E, 55.943009, -3.185011, 1837.1, 1904.79
55.943009, -3.185011, W, 55.943009, -3.185311, 1837.1, 1903.54
55.943009, -3.185311, E, 55.943009, -3.185011, 1837.1, 1902.29
55.943009, -3.185011, W, 55.943009, -3.185311, 1837.1, 1901.04
55.943009, -3.185311, E, 55.943009, -3.185011, 1837.1, 1899.79
55.943009, -3.185011, W, 55.943009, -3.185311, 1837.1, 1898.54
55.943009, -3.185311, E, 55.943009, -3.185011, 1837.1, 1897.29
55.943009, -3.185011, W, 55.943009, -3.185311, 1837.1, 1896.04
55.943009, -3.185311, E, 55.943009, -3.185011, 1837.1, 1894.79
55.943009, -3.185011, W, 55.943009, -3.185311, 1837.1, 1893.54
55.943009, -3.185311, E, 55.943009, -3.185011, 1837.1, 1892.29
55.943009, -3.185011, W, 55.943009, -3.185311, 1837.1, 1891.04
55.943009, -3.185311, E, 55.943009, -3.185011, 1837.1, 1889.79
55.943009, -3.185011, W, 55.943009, -3.185311, 1837.1, 1888.54
55.943009, -3.185311, E, 55.943009, -3.185011, 1837.1, 1887.29
55.943009, -3.185011, W, 55.943009, -3.185311, 1837.1, 1886.04
55.943009, -3.185311, E, 55.943009, -3.185011, 1837.1, 1884.79
55.943009, -3.185011, W, 55.943009, -3.185311, 1837.1, 1883.54
55.943009, -3.185311, E, 55.943009, -3.185011, 1837.1, 1882.29
55.943009, -3.185011, W, 55.943009, -3.185311, 1837.1, 1881.04
55.943009, -3.185311, E, 55.943009, -3.185011, 1837.1, 1879.79
55.943009, -3.185011, W, 55.943009, -3.185311, 1837.1, 1878.54
55.943009, -3.185311, E, 55.943009, -3.185011, 1837.1, 1877.29
55.943009, -3.185011, W, 55.943009, -3.185311, 1837.1, 1876.04
55.943009, -3.185311, E, 55.943009, -3.185011, 1837.1, 1874.79
55.943009, -3.185011, W, 55.943009, -3.185311, 1837.1, 1873.54
55.943009, -3.185311, E, 55.943009, -3.185011, 1837.1, 1872.29
55.943009, -3.185011, W, 55.943009, -3.185311, 1837.1, 1871.04
55.943009, -3.185311, E, 55.943009, -3.185011, 1837.1, 1869.79
55.943009, -3.185011, W, 55.943009, -3.185311, 1837.1, 1868.54
55.943009, -3.185311, E, 55.943009, -3.185011, 1837.1, 1867.29
55.943009, -3.185011, W, 55.943009, -3.185311, 1837.1, 1866.04
55.943009, -3.185311, E, 55.943009, -3.185011, 1837.1, 1864.79
55.943009, -3.185011, W, 55.943009, -3.185311, 1837.1, 1863.54
55.943009, -3.185311, E, 55.943009, -3.185011, 1837.1, 1862.29
55.943009, -3.185011, W, 55.943009, -3.185311, 1837.1, 1861.04
55.943009, -3.185311, E, 55.943009, -3.185011, 1837.1, 1859.79
55.943009, -3.185011, W, 55.943009, -3.185311, 1837.1, 1858.54
55.943009, -3.185311, E, 55.943009, -3.185011, 1837.1, 1857.29
55.943009, -3.185011, W, 55.943009, -3.185311, 1837.1, 1856.04
55.943009, -3.185311, E, 55.943009, -3.185011, 1837.1, 1854.79
55.943009, -3.185011, W, 55.943009, -3.185311, 1837.1, 1853.54
55.943009, -3.185311, E, 55.943009, -3.185011, 1837.1, 1852.29
55.943009, -3.185011, W, 55.943009, -3.185311, 1837.1, 1851.04
55.943009, -3.185311, E, 55.943009, -3.185011, 1837.1, 1849.79
55.943009, -3.185011, W, 55.943009, -3.185311, 1837.1, 1848.54
55.943009, -3.185311, E, 55.943009, -3.185011, 1837.1, 1847.29
55.943009, -3.185011, W, 55.943009, -3.185311, 1837.1, 1846.04
55.943009, -3.185311, E, 55.943009, -3.185011, 1837.1, 1844.79
55.943009, -3.185011, W, 55.943009, -3.185311, 1837.1, 1843.54
55.943009, -3.185311, E, 55.943009, -3.185011, 1837.1, 1842.29
55.943009, -3.185011, W, 55.943009, -3.185311, 1837.1, 1841.04
55.943009, -3.185311, E, 55.943009, -3.185011, 1837.1, 1839.79
55.943009, -3.185011, W, 55.943009, -3.185311, 1837.1, 1838.54
55.943009, -3.185311, E, 55.943009, -3.185011, 1837.1, 1837.29
55.943009, -3.185011, W, 55.943009, -3.185311, 1837.1, 1836.04
55.943009, -3.185311, E, 55.943009, -3.185011, 1837.1, 1834.79
55.943009, -3.185011, W, 55.943009, -3.185311, 1837.1, 1833.54
55.943009, -3.185311, E, 55.943009, -3.185011, 1837.1, 1832.29
55.943009, -3.185011, W, 55.943009, -3.185311, 1837.1, 1831.04
55.943009, -3.185311, E, 55.943009, -3.185011, 1837.1, 1829.79
55.943009, -3.185011, W, 55.943009, -3.185311, 1837.1, 1828.54
55.943009, -3.185311, E, 55.943009, -3.185011, 1837.1, 1827.29
55.943009, -3.185011, W, 55.943009, -3.185311, 1837.1, 1826.04
55.943009, -3.185311, E, 55.943009, -3.185011, 1837.1, 1824.79
55.943009, -3.185011, W, 55.943009, -3.185311, 1837.1, 1823.54
55.943009, -3.185311, E, 55.943009, -3.185011, 1837.1, 1822.29
55.943009, -3.185011, W, 55.943009, -3.185311, 1837.1, 1821.04
55.943009, -3.185311, E, 55.943009, -3.185011, 1837.1, 1819.79
55.943009, -3.185011, W, 55.943009, -3.185311, 1837.1, 1818.54
55.943009, -3.185311, E, 55.943009, -3.185011, 1837.1, 1817.29
55.943009, -3.185011, W, 55.943009, -3.185311, 1837.1, 1816.04
55.943009, -3.185311, E, 55.943009, -3.185011, 1837.1, 1814.79
55.943009, -3.185011, W, 55.943009, -3.185311, 1837.1, 1813.54
55.943009, -3.185311, E, 55.943009, -3.185011, 1837.1, 1812.29
55.943009, -3.185011, W, 55.943009, -3.185311, 1837.1, 1811.04
55.943009, -3.185311, E, 55.943009, -3.185011, 1837.1, 1809.79
55.943009, -3.185011, W, 55.943009, -3.185311, 1837.1, 1808.54
55.943009, -3.185311, E, 55.943009, -3.185011, 1837.1, 1807.29
55.943009, -3.185011, W, 55.943009, -3.185311, 1837.1, 1806.04
55.943009, -3.185311, E, 55.943009, -3.185011, 1837.1, 1804.79
55.943009, -3.185011, W, 55.943009, -3.185311, 1837.1, 1803.54
55.943009, -3.185311, E, 55.943009, -3.185011, 1837.1, 1802.29
55.943009, -3.185011, W, 55.943009, -3.185311, 1837.1, 1801.04
55.943009, -3.185311, E, 55.943009, -3.185011, 1837.1, 1799.79
55.943009, -3.185011, W, 55.943009, -3.185311, 1837.1, 1798.54
55.943009, -3.185311, E, 55.943009, -3.185011, 1837.1, 1797.29
55.943009, -3.185011, W, 55.943009, -3.185311, 1837.1, 1796.04
55.943009, -3.185311, E, 55.943009, -3.185011, 1837.1, 1794.79
55.943009, -3.185011, W, 55.943009, -3.185311, 1837.1, 1793.54
55.943009, -3.185311, E, 55.943009, -3.185011, 1837.1, 1792.29
55.943009, -3.185011, W, 55.943009, -3.185311, 1837.1, 1791.04
55.943009, -3.185311, E, 55.943009, -3.185011, 1837.1, 1789.79
55.943009, -3.185011, W, 55.943009, -3.185311, 1837.1, 1788.54
55.943009, -3.185311, E, 55.943009, -3.185011, 1837.1, 1787.29
55.943009, -3.185011, W, 55.943009, -3.185311, 1837.1, 1786.04
55.943009, -3.185311, E, 55.943009, -3.185011, 1837.1, 1784.79
55.943009, -3.185011, W, 55.943009, -3.185311, 1837.1, 1783.54
55.943009, -3.185311, E, 55.943009, -3.185011, 1837.1, 1782.29
55.943009, -3.185011, W, 55.943009, -3.185311, 1837.1, 1781.04
55.943009, -3.185311, E, 55.943009, -3.185011, 1837.1, 1779.79
55.943009, -3.185011, W, 55.943009, -3.185311, 1837.1, 1778.54
55.943009, -3.185311, E, 55.943009, -3.185011, 1837.1, 1777.29
55.943009, -3.185011, W, 55.943009, -3.185311, 1837.1, 1776.04
55.943009, -3.185311, E, 55.943009, -3.185011, 1837.1, 1774.79
55.943009, -3.185011, W, 55.943009, -3.185311, 1837.1, 1773.54
55.943009, -3.185311, E, 55.943009, -3.185011, 1837.1, 1772.29
55.943009, -3.185011, W, 55.943009, -3.185311, 1837.1, 1771.04
55.943009, -3.185311, E, 55.943009, -3.185011, 1837.1, 1769.79
55.943009, -3.185011, W, 55.943009, -3.185311, 1837.1, 1768.54
55.943009, -3.185311, E, 55.943009, -3.185011, 1837.1, 1767.29

