55.944825, -3.190113, SE, 55.944613, -3.189900, 24.3, 269.43
55.944613, -3.189900, NNE, 55.944890, -3.189786, 106.7, 289.16
55.944890, -3.189786, ESE, 55.944775, -3.189508, 106.7, 287.91
55.944775, -3.189508, WNW, 55.944890, -3.189786, 106.7, 286.66
55.944890, -3.189786, SW, 55.944678, -3.189998, 106.7, 285.41
55.944678, -3.189998, N, 55.944978, -3.189998, 106.7, 284.16
55.944978, -3.189998, S, 55.944678, -3.189998, 106.7, 282.91
55.944678, -3.189998, SSW, 55.944400, -3.190113, 106.7, 281.66
55.944400, -3.190113, W, 55.944400, -3.190413, 122.5, 298.54
55.944400, -3.190413, W, 55.944400, -3.190713, 182.3, 307.36
55.944400, -3.190713, NW, 55.944613, -3.190925, 182.3, 306.11
55.944613, -3.190925, NW, 55.944825, -3.191137, 273.4, 359.39
55.944825, -3.191137, SW, 55.944613, -3.191349, 320.3, 458.60
55.944613, -3.191349, E, 55.944613, -3.191049, 320.3, 457.35
55.944613, -3.191049, ESE, 55.944498, -3.190772, 320.3, 456.10
55.944498, -3.190772, NE, 55.944710, -3.190560, 320.3, 454.85
55.944710, -3.190560, SW, 55.944498, -3.190772, 320.3, 453.60
55.944498, -3.190772, NW, 55.944710, -3.190984, 320.3, 452.35
55.944710, -3.190984, NNE, 55.944987, -3.190869, 320.3, 451.10
55.944987, -3.190869, WSW, 55.944872, -3.191146, 320.3, 449.85
55.944872, -3.191146, WSW, 55.944757, -3.191423, 320.3, 448.60
55.944757, -3.191423, NNW, 55.945035, -3.191538, 320.3, 447.35
55.945035, -3.191538, W, 55.945035, -3.191838, 413.3, 557.56
55.945035, -3.191838, NW, 55.945247, -3.192050, 413.3, 556.31
55.945247, -3.192050, S, 55.944947, -3.192050, 413.3, 555.06
55.944947, -3.192050, W, 55.944947, -3.192350, 413.3, 553.81
55.944947, -3.192350, SE, 55.944735, -3.192138, 413.3, 552.56
55.944735, -3.192138, SW, 55.944523, -3.192350, 413.3, 551.31
55.944523, -3.192350, SSW, 55.944245, -3.192465, 516.7, 615.65
55.944245, -3.192465, SSE, 55.943968, -3.192350, 516.7, 614.40
55.943968, -3.192350, NE, 55.944180, -3.192138, 516.7, 613.15
55.944180, -3.192138, NNE, 55.944457, -3.192023, 516.7, 611.90
55.944457, -3.192023, S, 55.944157, -3.192023, 516.7, 610.65
55.944157, -3.192023, NNE, 55.944435, -3.191909, 516.7, 609.40
55.944435, -3.191909, NW, 55.944647, -3.192121, 516.7, 608.15
55.944647, -3.192121, NNW, 55.944924, -3.192236, 516.7, 606.90
55.944924, -3.192236, NE, 55.945136, -3.192023, 516.7, 605.65
55.945136, -3.192023, WSW, 55.945021, -3.192301, 516.7, 604.40
55.945021, -3.192301, E, 55.945021, -3.192001, 516.7, 603.15
55.945021, -3.192001, N, 55.945321, -3.192001, 516.7, 601.90
55.945321, -3.192001, WNW, 55.945436, -3.192278, 516.7, 600.65
55.945436, -3.192278, NNW, 55.945713, -3.192393, 516.7, 599.40
55.945713, -3.192393, S, 55.945413, -3.192393, 516.7, 598.15
55.945413, -3.192393, E, 55.945413, -3.192093, 516.7, 596.90
55.945413, -3.192093, S, 55.945113, -3.192093, 516.7, 595.65
55.945113, -3.192093, WNW, 55.945228, -3.192370, 516.7, 594.40
55.945228, -3.192370, NE, 55.945440, -3.192158, 516.7, 593.15
55.945440, -3.192158, E, 55.945440, -3.191858, 516.7, 591.90
55.945440, -3.191858, W, 55.945440, -3.192158, 516.7, 590.65
55.945440, -3.192158, ESE, 55.945325, -3.191880, 516.7, 589.40
55.945325, -3.191880, NW, 55.945538, -3.192093, 516.7, 588.15
55.945538, -3.192093, E, 55.945538, -3.191793, 516.7, 586.90
55.945538, -3.191793, W, 55.945538, -3.192093, 516.7, 585.65
55.945538, -3.192093, SSE, 55.945260, -3.191978, 516.7, 584.40
55.945260, -3.191978, S, 55.944960, -3.191978, 516.7, 583.15
55.944960, -3.191978, NW, 55.945172, -3.192190, 516.7, 581.90
55.945172, -3.192190, NNE, 55.945450, -3.192075, 516.7, 580.65
55.945450, -3.192075, SE, 55.945238, -3.191863, 516.7, 579.40
55.945238, -3.191863, N, 55.945538, -3.191863, 516.7, 578.15
55.945538, -3.191863, NE, 55.945750, -3.191651, 516.7, 576.90
55.945750, -3.191651, N, 55.946050, -3.191651, 516.7, 575.65
55.946050, -3.191651, ENE, 55.946164, -3.191374, 516.7, 574.40
55.946164, -3.191374, SE, 55.945952, -3.191161, 456.3, 556.28
55.945952, -3.191161, SE, 55.945740, -3.190949, 524.4, 635.58
55.945740, -3.190949, NW, 55.945952, -3.191161, 524.4, 634.33
55.945952, -3.191161, SE, 55.945740, -3.190949, 524.4, 633.08
55.945740, -3.190949, NW, 55.945952, -3.191161, 524.4, 631.83
55.945952, -3.191161, SE, 55.945740, -3.190949, 524.4, 630.58
55.945740, -3.190949, NW, 55.945952, -3.191161, 524.4, 629.33
55.945952, -3.191161, SE, 55.945740, -3.190949, 524.4, 628.08
55.945740, -3.190949, NW, 55.945952, -3.191161, 524.4, 626.83
55.945952, -3.191161, SE, 55.945740, -3.190949, 524.4, 625.58
55.945740, -3.190949, NW, 55.945952, -3.191161, 524.4, 624.33
55.945952, -3.191161, SE, 55.945740, -3.190949, 524.4, 623.08
55.945740, -3.190949, NW, 55.945952, -3.191161, 524.4, 621.83
55.945952, -3.191161, SE, 55.945740, -3.190949, 524.4, 620.58
55.945740, -3.190949, NW, 55.945952, -3.191161, 524.4, 619.33
55.945952, -3.191161, SE, 55.945740, -3.190949, 524.4, 618.08
55.945740, -3.190949, NW, 55.945952, -3.191161, 524.4, 616.83
55.945952, -3.191161, SE, 55.945740, -3.190949, 524.4, 615.58
55.945740, -3.190949, NW, 55.945952, -3.191161, 524.4, 614.33
55.945952, -3.191161, SE, 55.945740, -3.190949, 524.4, 613.08
55.945740, -3.190949, NW, 55.945952, -3.191161, 524.4, 611.83
55.945952, -3.191161, SE, 55.945740, -3.190949, 524.4, 610.58
55.945740, -3.190949, NW, 55.945952, -3.191161, 524.4, 609.33
55.945952, -3.191161, SE, 55.945740, -3.190949, 524.4, 608.08
55.945740, -3.190949, NW, 55.945952, -3.191161, 524.4, 606.83
55.945952, -3.191161, SE, 55.945740, -3.190949, 524.4, 605.58
55.945740, -3.190949, NW, 55.945952, -3.191161, 524.4, 604.33
55.945952, -3.191161, SE, 55.945740, -3.190949, 524.4, 603.08
55.945740, -3.190949, NW, 55.945952, -3.191161, 524.4, 601.83
55.945952, -3.191161, SE, 55.945740, -3.190949, 524.4, 600.58
55.945740, -3.190949, NW, 55.945952, -3.191161, 524.4, 599.33
55.945952, -3.191161, SE, 55.945740, -3.190949, 524.4, 598.08
55.945740, -3.190949, NW, 55.945952, -3.191161, 524.4, 596.83
55.945952, -3.191161, SE, 55.945740, -3.190949, 524.4, 595.58
55.945740, -3.190949, NW, 55.945952, -3.191161, 524.4, 594.33
55.945952, -3.191161, SE, 55.945740, -3.190949, 524.4, 593.08
55.945740, -3.190949, NW, 55.945952, -3.191161, 524.4, 591.83
55.945952, -3.191161, SE, 55.945740, -3.190949, 524.4, 590.58
55.945740, -3.190949, NW, 55.945952, -3.191161, 524.4, 589.33
55.945952, -3.191161, SE, 55.945740, -3.190949, 524.4, 588.08
55.945740, -3.190949, NW, 55.945952, -3.191161, 524.4, 586.83
55.945952, -3.191161, SE, 55.945740, -3.190949, 524.4, 585.58
55.945740, -3.190949, NW, 55.945952, -3.191161, 524.4, 584.33
55.945952, -3.191161, SE, 55.945740, -3.190949, 524.4, 583.08
55.945740, -3.190949, NW, 55.945952, -3.191161, 524.4, 581.83
55.945952, -3.191161, SE, 55.945740, -3.190949, 524.4, 580.58
55.945740, -3.190949, NW, 55.945952, -3.191161, 524.4, 579.33
55.945952, -3.191161, SE, 55.945740, -3.190949, 524.4, 578.08
55.945740, -3.190949, NW, 55.945952, -3.191161, 524.4, 576.83
55.945952, -3.191161, SE, 55.945740, -3.190949, 524.4, 575.58
55.945740, -3.190949, NW, 55.945952, -3.191161, 524.4, 574.33
55.945952, -3.191161, SE, 55.945740, -3.190949, 524.4, 573.08
55.945740, -3.190949, NW, 55.945952, -3.191161, 524.4, 571.83
55.945952, -3.191161, SE, 55.945740, -3.190949, 524.4, 570.58
55.945740, -3.190949, NW, 55.945952, -3.191161, 524.4, 569.33
55.945952, -3.191161, SE, 55.945740, -3.190949, 524.4, 568.08
55.945740, -3.190949, NW, 55.945952, -3.191161, 524.4, 566.83
55.945952, -3.191161, SE, 55.945740, -3.190949, 524.4, 565.58
55.945740, -3.190949, NW, 55.945952, -3.191161, 524.4, 564.33
55.945952, -3.191161, SE, 55.945740, -3.190949, 524.4, 563.08
55.945740, -3.190949, NW, 55.945952, -3.191161, 524.4, 561.83
55.945952, -3.191161, SE, 55.945740, -3.190949, 524.4, 560.58
55.945740, -3.190949, NW, 55.945952, -3.191161, 524.4, 559.33
55.945952, -3.191161, SE, 55.945740, -3.190949, 524.4, 558.08
55.945740, -3.190949, NW, 55.945952, -3.191161, 524.4, 556.83
55.945952, -3.191161, SE, 55.945740, -3.190949, 524.4, 555.58
55.945740, -3.190949, NW, 55.945952, -3.191161, 524.4, 554.33
55.945952, -3.191161, SE, 55.945740, -3.190949, 524.4, 553.08
55.945740, -3.190949, NW, 55.945952, -3.191161, 524.4, 551.83
55.945952, -3.191161, SE, 55.945740, -3.190949, 524.4, 550.58
55.945740, -3.190949, NW, 55.945952, -3.191161, 524.4, 549.33
55.945952, -3.191161, SE, 55.945740, -3.190949, 524.4, 548.08
55.945740, -3.190949, NW, 55.945952, -3.191161, 524.4, 546.83
55.945952, -3.191161, SE, 55.945740, -3.190949, 524.4, 545.58
55.945740, -3.190949, NW, 55.945952, -3.191161, 524.4, 544.33
55.945952, -3.191161, SE, 55.945740, -3.190949, 524.4, 543.08
55.945740, -3.190949, NW, 55.945952, -3.191161, 524.4, 541.83
55.945952, -3.191161, SE, 55.945740, -3.190949, 524.4, 540.58
55.945740, -3.190949, NW, 55.945952, -3.191161, 524.4, 539.33
55.945952, -3.191161, SE, 55.945740, -3.190949, 524.4, 538.08
55.945740, -3.190949, NW, 55.945952, -3.191161, 524.4, 536.83
55.945952, -3.191161, SE, 55.945740, -3.190949, 524.4, 535.58
55.945740, -3.190949, NW, 55.945952, -3.191161, 524.4, 534.33
55.945952, -3.191161, SE, 55.945740, -3.190949, 524.4, 533.08
55.945740, -3.190949, NW, 55.945952, -3.191161, 524.4, 531.83
55.945952, -3.191161, SE, 55.945740, -3.190949, 524.4, 530.58
55.945740, -3.190949, NW, 55.945952, -3.191161, 524.4, 529.33
55.945952, -3.191161, SE, 55.945740, -3.190949, 524.4, 528.08
55.945740, -3.190949, NW, 55.945952, -3.191161, 524.4, 526.83
55.945952, -3.191161, SE, 55.945740, -3.190949, 524.4, 525.58
55.945740, -3.190949, NW, 55.945952, -3.191161, 524.4, 524.33
55.945952, -3.191161, SE, 55.945740, -3.190949, 524.4, 523.08
55.945740, -3.190949, NW, 55.945952, -3.191161, 524.4, 521.83
55.945952, -3.191161, SE, 55.945740, -3.190949, 524.4, 520.58
55.945740, -3.190949, NW, 55.945952, -3.191161, 524.4, 519.33
55.945952, -3.191161, SE, 55.945740, -3.190949, 524.4, 518.08
55.945740, -3.190949, NW, 55.945952, -3.191161, 524.4, 516.83
55.945952, -3.191161, SE, 55.945740, -3.190949, 524.4, 515.58
55.945740, -3.190949, NW, 55.945952, -3.191161, 524.4, 514.33
55.945952, -3.191161, SE, 55.945740, -3.190949, 524.4, 513.08
55.945740, -3.190949, NW, 55.945952, -3.191161, 524.4, 511.83
55.945952, -3.191161, SE, 55.945740, -3.190949, 524.4, 510.58
55.945740, -3.190949, NW, 55.945952, -3.191161, 524.4, 509.33
55.945952, -3.191161, SE, 55.945740, -3.190949, 524.4, 508.08
55.945740, -3.190949, NW, 55.945952, -3.191161, 524.4, 506.83
55.945952, -3.191161, SE, 55.945740, -3.190949, 524.4, 505.58
55.945740, -3.190949, NW, 55.945952, -3.191161, 524.4, 504.33
55.945952, -3.191161, SE, 55.945740, -3.190949, 524.4, 503.08
55.945740, -3.190949, NW, 55.945952, -3.191161, 524.4, 501.83
55.945952, -3.191161, SE, 55.945740, -3.190949, 524.4, 500.58
55.945740, -3.190949, NW, 55.945952, -3.191161, 524.4, 499.33
55.945952, -3.191161, SE, 55.945740, -3.190949, 524.4, 498.08
55.945740, -3.190949, NW, 55.945952, -3.191161, 524.4, 496.83
55.945952, -3.191161, SE, 55.945740, -3.190949, 524.4, 495.58
55.945740, -3.190949, NW, 55.945952, -3.191161, 524.4, 494.33
55.945952, -3.191161, SE, 55.945740, -3.190949, 524.4, 493.08
55.945740, -3.190949, NW, 55.945952, -3.191161, 524.4, 491.83
55.945952, -3.191161, SE, 55.945740, -3.190949, 524.4, 490.58
55.945740, -3.190949, NW, 55.945952, -3.191161, 524.4, 489.33
55.945952, -3.191161, SE, 55.945740, -3.190949, 524.4, 488.08
55.945740, -3.190949, NW, 55.945952, -3.191161, 524.4, 486.83
55.945952, -3.191161, SE, 55.945740, -3.190949, 524.4, 485.58
55.945740, -3.190949, NW, 55.945952, -3.191161, 524.4, 484.33
55.945952, -3.191161, SE, 55.945740, -3.190949, 524.4, 483.08
55.945740, -3.190949, NW, 55.945952, -3.191161, 524.4, 481.83
55.945952, -3.191161, SE, 55.945740, -3.190949, 524.4, 480.58
55.945740, -3.190949, NW, 55.945952, -3.191161, 524.4, 479.33
55.945952, -3.191161, SE, 55.945740, -3.190949, 524.4, 478.08
55.945740, -3.190949, NW, 55.945952, -3.191161, 524.4, 476.83
55.945952, -3.191161, SE, 55.945740, -3.190949, 524.4, 475.58
55.945740, -3.190949, NW, 55.945952, -3.191161, 524.4, 474.33
55.945952, -3.191161, SE, 55.945740, -3.190949, 524.4, 473.08
55.945740, -3.190949, NW, 55.945952, -3.191161, 524.4, 471.83
55.945952, -3.191161, SE, 55.945740, -3.190949, 524.4, 470.58
55.945740, -3.190949, NW, 55.945952, -3.191161, 524.4, 469.33
55.945952, -3.191161, SE, 55.945740, -3.190949, 524.4, 468.08
55.945740, -3.190949, NW, 55.945952, -3.191161, 524.4, 466.83
55.945952, -3.191161, SE, 55.945740, -3.190949, 524.4, 465.58
55.945740, -3.190949, NW, 55.945952, -3.191161, 524.4, 464.33
55.945952, -3.191161, SE, 55.945740, -3.190949, 524.4, 463.08
55.945740, -3.190949, NW, 55.945952, -3.191161, 524.4, 461.83
55.945952, -3.191161, SE, 55.945740, -3.190949, 524.4, 460.58
55.945740, -3.190949, NW, 55.945952, -3.191161, 524.4, 459.33
55.945952, -3.191161, SE, 55.945740, -3.190949, 524.4, 458.08
55.945740, -3.190949, NW, 55.945952, -3.191161, 524.4, 456.83
55.945952, -3.191161, SE, 55.945740, -3.190949, 524.4, 455.58
55.945740, -3.190949, NW, 55.945952, -3.191161, 524.4, 454.33
55.945952, -3.191161, SE, 55.945740, -3.190949, 524.4, 453.08
55.945740, -3.190949, NW, 55.945952, -3.191161, 524.4, 451.83
55.945952, -3.191161, SE, 55.945740, -3.190949, 524.4, 450.58
55.945740, -3.190949, NW, 55.945952, -3.191161, 524.4, 449.33
55.945952, -3.191161, SE, 55.945740, -3.190949, 524.4, 448.08
55.945740, -3.190949, NW, 55.945952, -3.191161, 524.4, 446.83
55.945952, -3.191161, SE, 55.945740, -3.190949, 524.4, 445.58
55.945740, -3.190949, NW, 55.945952, -3.191161, 524.4, 444.33
55.945952, -3.191161, SE, 55.945740, -3.190949, 524.4, 443.08
55.945740, -3.190949, NW, 55.945952, -3.191161, 524.4, 441.83
55.945952, -3.191161, SE, 55.945740, -3.190949, 524.4, 440.58
55.945740, -3.190949, NW, 55.945952, -3.191161, 524.4, 439.33
55.945952, -3.191161, SE, 55.945740, -3.190949, 524.4, 438.08
55.945740, -3.190949, NW, 55.945952, -3.191161, 524.4, 436.83
55.945952, -3.191161, SE, 55.945740, -3.190949, 524.4, 435.58
55.945740, -3.190949, NW, 55.945952, -3.191161, 524.4, 434.33
55.945952, -3.191161, SE, 55.945740, -3.190949, 524.4, 433.08
55.945740, -3.190949, NW, 55.945952, -3.191161, 524.4, 431.83
55.945952, -3.191161, SE, 55.945740, -3.190949, 524.4, 430.58
55.945740, -3.190949, NW, 55.945952, -3.191161, 524.4, 429.33
55.945952, -3.191161, SE, 55.945740, -3.190949, 524.4, 428.08
55.945740, -3.190949, NW, 55.945952, -3.191161, 524.4, 426.83
55.945952, -3.191161, SE, 55.945740, -3.190949, 524.4, 425.58
55.945740, -3.190949, NW, 55.945952, -3.191161, 524.4, 424.33
55.945952, -3.191161, SE, 55.945740, -3.190949, 524.4, 423.08
55.945740, -3.190949, NW, 55.945952, -3.191161, 524.4, 421.83
55.945952, -3.191161, SE, 55.945740, -3.190949, 524.4, 420.58
55.945740, -3.190949, NW, 55.945952, -3.191161, 524.4, 419.33
55.945952, -3.191161, SE, 55.945740, -3.190949, 524.4, 418.08
55.945740, -3.190949, NW, 55.945952, -3.191161, 524.4, 416.83
55.945952, -3.191161, SE, 55.945740, -3.190949, 524.4, 415.58
55.945740, -3.190949, NW, 55.945952, -3.191161, 524.4, 414.33
55.945952, -3.191161, SE, 55.945740, -3.190949, 524.4, 413.08
55.945740, -3.190949, NW, 55.945952, -3.191161, 524.4, 411.83
55.945952, -3.191161, SE, 55.945740, -3.190949, 524.4, 410.58
55.945740, -3.190949, NW, 55.945952, -3.191161, 524.4, 409.33
55.945952, -3.191161, SE, 55.945740, -3.190949, 524.4, 408.08
55.945740, -3.190949, NW, 55.945952, -3.191161, 524.4, 406.83
55.945952, -3.191161, SE, 55.945740, -3.190949, 524.4, 405.58
55.945740, -3.190949, NW, 55.945952, -3.191161, 524.4, 404.33
55.945952, -3.191161, SE, 55.945740, -3.190949, 524.4, 403.08

