55.943700, -3.189300, NW, 55.943912, -3.189512, 0.0, 248.75
55.943912, -3.189512, NW, 55.944124, -3.189724, 0.0, 247.50
55.944124, -3.189724, WNW, 55.944239, -3.190001, 102.2, 330.93
55.944239, -3.190001, W, 55.944239, -3.190301, 117.9, 388.45
55.944239, -3.190301, SW, 55.944027, -3.190514, 117.9, 387.20
55.944027, -3.190514, SSW, 55.943750, -3.190628, 166.6, 453.19
55.943750, -3.190628, SW, 55.943538, -3.190840, 166.6, 451.94
55.943538, -3.190840, SSW, 55.943260, -3.190955, 198.8, 538.44
55.943260, -3.190955, NNW, 55.943538, -3.191070, 198.8, 537.19
55.943538, -3.191070, NNE, 55.943815, -3.190955, 198.8, 535.94
55.943815, -3.190955, NW, 55.944027, -3.191167, 198.8, 534.69
55.944027, -3.191167, NW, 55.944239, -3.191380, 198.8, 533.44
55.944239, -3.191380, NW, 55.944451, -3.191592, 211.9, 559.87
55.944451, -3.191592, W, 55.944451, -3.191892, 211.9, 558.62
55.944451, -3.191892, WNW, 55.944566, -3.192169, 244.0, 641.30
55.944566, -3.192169, N, 55.944866, -3.192169, 244.0, 640.05
55.944866, -3.192169, N, 55.945166, -3.192169, 308.3, 722.31
55.945166, -3.192169, NE, 55.945378, -3.191957, 308.3, 721.06
55.945378, -3.191957, ENE, 55.945493, -3.191680, 391.8, 734.90
55.945493, -3.191680, NE, 55.945705, -3.191467, 391.8, 733.65
55.945705, -3.191467, ENE, 55.945820, -3.191190, 409.6, 815.23
55.945820, -3.191190, NNW, 55.946097, -3.191305, 477.6, 919.03
55.946097, -3.191305, SE, 55.945885, -3.191093, 477.6, 917.78
55.945885, -3.191093, SSW, 55.945608, -3.191208, 477.6, 916.53
55.945608, -3.191208, S, 55.945308, -3.191208, 477.6, 915.28
55.945308, -3.191208, ESE, 55.945193, -3.190931, 477.6, 914.03
55.945193, -3.190931, E, 55.945193, -3.190631, 477.6, 912.78
55.945193, -3.190631, E, 55.945193, -3.190331, 591.4, 941.40
55.945193, -3.190331, E, 55.945193, -3.190031, 591.4, 940.15
55.945193, -3.190031, SE, 55.944981, -3.189818, 591.4, 938.90
55.944981, -3.189818, ENE, 55.945096, -3.189541, 591.4, 937.65
55.945096, -3.189541, ENE, 55.945210, -3.189264, 591.4, 936.40
55.945210, -3.189264, ENE, 55.945325, -3.188987, 591.4, 935.15
55.945325, -3.188987, E, 55.945325, -3.188687, 605.0, 987.95
55.945325, -3.188687, ESE, 55.945210, -3.188410, 630.5, 1014.70
55.945210, -3.188410, E, 55.945210, -3.188110, 630.5, 1013.45
55.945210, -3.188110, NNW, 55.945488, -3.188225, 630.5, 1012.20
55.945488, -3.188225, NE, 55.945700, -3.188012, 691.7, 1040.77
55.945700, -3.188012, NNW, 55.945977, -3.188127, 744.5, 1092.78
55.945977, -3.188127, SE, 55.945765, -3.187915, 744.5, 1091.53
55.945765, -3.187915, E, 55.945765, -3.187615, 709.3, 1026.19
55.945765, -3.187615, ESE, 55.945650, -3.187338, 714.9, 1065.10
55.945650, -3.187338, S, 55.945350, -3.187338, 714.9, 1063.85
55.945350, -3.187338, S, 55.945050, -3.187338, 714.9, 1062.60
55.945050, -3.187338, S, 55.944750, -3.187338, 834.2, 1148.10
55.944750, -3.187338, S, 55.944450, -3.187338, 834.2, 1146.85
55.944450, -3.187338, SSE, 55.944173, -3.187223, 849.7, 1166.97
55.944173, -3.187223, SSW, 55.943896, -3.187338, 880.9, 1270.73
55.943896, -3.187338, ENE, 55.944010, -3.187061, 880.9, 1269.48
55.944010, -3.187061, ENE, 55.944125, -3.186784, 880.9, 1268.23
55.944125, -3.186784, ENE, 55.944240, -3.186506, 977.7, 1300.60
55.944240, -3.186506, SSE, 55.943963, -3.186392, 977.7, 1299.35
55.943963, -3.186392, SSE, 55.943686, -3.186277, 1031.7, 1325.70
55.943686, -3.186277, SSE, 55.943409, -3.186162, 1031.7, 1324.45
55.943409, -3.186162, SSW, 55.943131, -3.186277, 1074.5, 1345.41
55.943131, -3.186277, ESE, 55.943017, -3.186000, 1074.5, 1344.16
55.943017, -3.186000, ESE, 55.942902, -3.185723, 1186.3, 1377.38
55.942902, -3.185723, NNE, 55.943179, -3.185608, 1186.3, 1376.13
55.943179, -3.185608, NNE, 55.943456, -3.185493, 1186.3, 1374.88
55.943456, -3.185493, NNE, 55.943733, -3.185378, 1205.8, 1448.33
55.943733, -3.185378, ESE, 55.943618, -3.185101, 1205.8, 1447.08
55.943618, -3.185101, ESE, 55.943504, -3.184824, 1205.8, 1445.83
55.943504, -3.184824, ESE, 55.943389, -3.184547, 1317.0, 1562.53
55.943389, -3.184547, N, 55.943689, -3.184547, 1317.0, 1561.28
55.943689, -3.184547, N, 55.943989, -3.184547, 1317.0, 1560.03
55.943989, -3.184547, N, 55.944289, -3.184547, 1317.0, 1558.78
55.944289, -3.184547, NNE, 55.944566, -3.184432, 1317.0, 1557.53
55.944566, -3.184432, N, 55.944866, -3.184432, 1359.3, 1621.58
55.944866, -3.184432, NNW, 55.945143, -3.184547, 1428.5, 1668.44
55.945143, -3.184547, NW, 55.945355, -3.184759, 1498.8, 1781.75
55.945355, -3.184759, NNE, 55.945632, -3.184644, 1612.4, 1841.22
55.945632, -3.184644, WNW, 55.945747, -3.184921, 1612.4, 1839.97
55.945747, -3.184921, W, 55.945747, -3.185221, 1612.4, 1838.72
55.945747, -3.185221, WNW, 55.945862, -3.185498, 1652.2, 1949.67
55.945862, -3.185498, SW, 55.945650, -3.185710, 1652.2, 1948.42
55.945650, -3.185710, SSW, 55.945373, -3.185825, 1652.2, 1947.17
55.945373, -3.185825, SW, 55.945161, -3.186037, 1652.2, 1945.92
55.945161, -3.186037, SSW, 55.944883, -3.186152, 1652.2, 1944.67
55.944883, -3.186152, SW, 55.944671, -3.186364, 1652.2, 1943.42
55.944671, -3.186364, SSW, 55.944394, -3.186479, 1652.2, 1942.17
55.944394, -3.186479, SW, 55.944182, -3.186691, 1652.2, 1940.92
55.944182, -3.186691, SSW, 55.943905, -3.186806, 1652.2, 1939.67
55.943905, -3.186806, SW, 55.943693, -3.187018, 1652.2, 1938.42
55.943693, -3.187018, SSW, 55.943416, -3.187133, 1652.2, 1937.17
55.943416, -3.187133, SW, 55.943203, -3.187345, 1652.2, 1935.92
55.943203, -3.187345, SSW, 55.942926, -3.187460, 1675.0, 1977.03
55.942926, -3.187460, SSE, 55.942649, -3.187345, 1764.0, 2052.25
55.942649, -3.187345, W, 55.942649, -3.187645, 1764.0, 2051.00
55.942649, -3.187645, W, 55.942649, -3.187945, 1764.0, 2049.75
55.942649, -3.187945, W, 55.942649, -3.188245, 1764.0, 2048.50
55.942649, -3.188245, W, 55.942649, -3.188545, 1764.0, 2047.25
55.942649, -3.188545, W, 55.942649, -3.188845, 1764.0, 2046.00
55.942649, -3.188845, W, 55.942649, -3.189145, 1868.6, 2115.88
55.942649, -3.189145, E, 55.942649, -3.188845, 1868.6, 2114.63
55.942649, -3.188845, W, 55.942649, -3.189145, 1868.6, 2113.38
55.942649, -3.189145, E, 55.942649, -3.188845, 1868.6, 2112.13
55.942649, -3.188845, W, 55.942649, -3.189145, 1868.6, 2110.88
55.942649, -3.189145, E, 55.942649, -3.188845, 1868.6, 2109.63
55.942649, -3.188845, W, 55.942649, -3.189145, 1868.6, 2108.38
55.942649, -3.189145, E, 55.942649, -3.188845, 1868.6, 2107.13
55.942649, -3.188845, W, 55.942649, -3.189145, 1868.6, 2105.88
55.942649, -3.189145, E, 55.942649, -3.188845, 1868.6, 2104.63
55.942649, -3.188845, W, 55.942649, -3.189145, 1868.6, 2103.38
55.942649, -3.189145, E, 55.942649, -3.188845, 1868.6, 2102.13
55.942649, -3.188845, W, 55.942649, -3.189145, 1868.6, 2100.88
55.942649, -3.189145, E, 55.942649, -3.188845, 1868.6, 2099.63
55.942649, -3.188845, W, 55.942649, -3.189145, 1868.6, 2098.38
55.942649, -3.189145, E, 55.942649, -3.188845, 1868.6, 2097.13
55.942649, -3.188845, W, 55.942649, -3.189145, 1868.6, 2095.88
55.942649, -3.189145, E, 55.942649, -3.188845, 1868.6, 2094.63
55.942649, -3.188845, W, 55.942649, -3.189145, 1868.6, 2093.38
55.942649, -3.189145, E, 55.942649, -3.188845, 1868.6, 2092.13
55.942649, -3.188845, W, 55.942649, -3.189145, 1868.6, 2090.88
55.942649, -3.189145, E, 55.942649, -3.188845, 1868.6, 2089.63
55.942649, -3.188845, W, 55.942649, -3.189145, 1868.6, 2088.38
55.942649, -3.189145, E, 55.942649, -3.188845, 1868.6, 2087.13
55.942649, -3.188845, W, 55.942649, -3.189145, 1868.6, 2085.88
55.942649, -3.189145, E, 55.942649, -3.188845, 1868.6, 2084.63
55.942649, -3.188845, W, 55.942649, -3.189145, 1868.6, 2083.38
55.942649, -3.189145, E, 55.942649, -3.188845, 1868.6, 2082.13
55.942649, -3.188845, W, 55.942649, -3.189145, 1868.6, 2080.88
55.942649, -3.189145, E, 55.942649, -3.188845, 1868.6, 2079.63
55.942649, -3.188845, W, 55.942649, -3.189145, 1868.6, 2078.38
55.942649, -3.189145, E, 55.942649, -3.188845, 1868.6, 2077.13
55.942649, -3.188845, W, 55.942649, -3.189145, 1868.6, 2075.88
55.942649, -3.189145, E, 55.942649, -3.188845, 1868.6, 2074.63
55.942649, -3.188845, W, 55.942649, -3.189145, 1868.6, 2073.38
55.942649, -3.189145, E, 55.942649, -3.188845, 1868.6, 2072.13
55.942649, -3.188845, W, 55.942649, -3.189145, 1868.6, 2070.88
55.942649, -3.189145, E, 55.942649, -3.188845, 1868.6, 2069.63
55.942649, -3.188845, W, 55.942649, -3.189145, 1868.6, 2068.38
55.942649, -3.189145, E, 55.942649, -3.188845, 1868.6, 2067.13
55.942649, -3.188845, W, 55.942649, -3.189145, 1868.6, 2065.88
55.942649, -3.189145, E, 55.942649, -3.188845, 1868.6, 2064.63
55.942649, -3.188845, W, 55.942649, -3.189145, 1868.6, 2063.38
55.942649, -3.189145, E, 55.942649, -3.188845, 1868.6, 2062.13
55.942649, -3.188845, W, 55.942649, -3.189145, 1868.6, 2060.88
55.942649, -3.189145, E, 55.942649, -3.188845, 1868.6, 2059.63
55.942649, -3.188845, W, 55.942649, -3.189145, 1868.6, 2058.38
55.942649, -3.189145, E, 55.942649, -3.188845, 1868.6, 2057.13
55.942649, -3.188845, W, 55.942649, -3.189145, 1868.6, 2055.88
55.942649, -3.189145, E, 55.942649, -3.188845, 1868.6, 2054.63
55.942649, -3.188845, W, 55.942649, -3.189145, 1868.6, 2053.38
55.942649, -3.189145, E, 55.942649, -3.188845, 1868.6, 2052.13
55.942649, -3.188845, W, 55.942649, -3.189145, 1868.6, 2050.88
55.942649, -3.189145, E, 55.942649, -3.188845, 1868.6, 2049.63
55.942649, -3.188845, W, 55.942649, -3.189145, 1868.6, 2048.38
55.942649, -3.189145, E, 55.942649, -3.188845, 1868.6, 2047.13
55.942649, -3.188845, W, 55.942649, -3.189145, 1868.6, 2045.88
55.942649, -3.189145, E, 55.942649, -3.188845, 1868.6, 2044.63
55.942649, -3.188845, W, 55.942649, -3.189145, 1868.6, 2043.38
55.942649, -3.189145, E, 55.942649, -3.188845, 1868.6, 2042.13
55.942649, -3.188845, W, 55.942649, -3.189145, 1868.6, 2040.88
55.942649, -3.189145, E, 55.942649, -3.188845, 1868.6, 2039.63
55.942649, -3.188845, W, 55.942649, -3.189145, 1868.6, 2038.38
55.942649, -3.189145, E, 55.942649, -3.188845, 1868.6, 2037.13
55.942649, -3.188845, W, 55.942649, -3.189145, 1868.6, 2035.88
55.942649, -3.189145, E, 55.942649, -3.188845, 1868.6, 2034.63
55.942649, -3.188845, W, 55.942649, -3.189145, 1868.6, 2033.38
55.942649, -3.189145, E, 55.942649, -3.188845, 1868.6, 2032.13
55.942649, -3.188845, W, 55.942649, -3.189145, 1868.6, 2030.88
55.942649, -3.189145, E, 55.942649, -3.188845, 1868.6, 2029.63
55.942649, -3.188845, W, 55.942649, -3.189145, 1868.6, 2028.38
55.942649, -3.189145, E, 55.942649, -3.188845, 1868.6, 2027.13
55.942649, -3.188845, W, 55.942649, -3.189145, 1868.6, 2025.88
55.942649, -3.189145, E, 55.942649, -3.188845, 1868.6, 2024.63
55.942649, -3.188845, W, 55.942649, -3.189145, 1868.6, 2023.38
55.942649, -3.189145, E, 55.942649, -3.188845, 1868.6, 2022.13
55.942649, -3.188845, W, 55.942649, -3.189145, 1868.6, 2020.88
55.942649, -3.189145, E, 55.942649, -3.188845, 1868.6, 2019.63
55.942649, -3.188845, W, 55.942649, -3.189145, 1868.6, 2018.38
55.942649, -3.189145, E, 55.942649, -3.188845, 1868.6, 2017.13
55.942649, -3.188845, W, 55.942649, -3.189145, 1868.6, 2015.88
55.942649, -3.189145, E, 55.942649, -3.188845, 1868.6, 2014.63
55.942649, -3.188845, W, 55.942649, -3.189145, 1868.6, 2013.38
55.942649, -3.189145, E, 55.942649, -3.188845, 1868.6, 2012.13
55.942649, -3.188845, W, 55.942649, -3.189145, 1868.6, 2010.88
55.942649, -3.189145, E, 55.942649, -3.188845, 1868.6, 2009.63
55.942649, -3.188845, W, 55.942649, -3.189145, 1868.6, 2008.38
55.942649, -3.189145, E, 55.942649, -3.188845, 1868.6, 2007.13
55.942649, -3.188845, W, 55.942649, -3.189145, 1868.6, 2005.88
55.942649, -3.189145, E, 55.942649, -3.188845, 1868.6, 2004.63
55.942649, -3.188845, W, 55.942649, -3.189145, 1868.6, 2003.38
55.942649, -3.189145, E, 55.942649, -3.188845, 1868.6, 2002.13
55.942649, -3.188845, W, 55.942649, -3.189145, 1868.6, 2000.88
55.942649, -3.189145, E, 55.942649, -3.188845, 1868.6, 1999.63
55.942649, -3.188845, W, 55.942649, -3.189145, 1868.6, 1998.38
55.942649, -3.189145, E, 55.942649, -3.188845, 1868.6, 1997.13
55.942649, -3.188845, W, 55.942649, -3.189145, 1868.6, 1995.88
55.942649, -3.189145, E, 55.942649, -3.188845, 1868.6, 1994.63
55.942649, -3.188845, W, 55.942649, -3.189145, 1868.6, 1993.38
55.942649, -3.189145, E, 55.942649, -3.188845, 1868.6, 1992.13
55.942649, -3.188845, W, 55.942649, -3.189145, 1868.6, 1990.88
55.942649, -3.189145, E, 55.942649, -3.188845, 1868.6, 1989.63
55.942649, -3.188845, W, 55.942649, -3.189145, 1868.6, 1988.38
55.942649, -3.189145, E, 55.942649, -3.188845, 1868.6, 1987.13
55.942649, -3.188845, W, 55.942649, -3.189145, 1868.6, 1985.88
55.942649, -3.189145, E, 55.942649, -3.188845, 1868.6, 1984.63
55.942649, -3.188845, W, 55.942649, -3.189145, 1868.6, 1983.38
55.942649, -3.189145, E, 55.942649, -3.188845, 1868.6, 1982.13
55.942649, -3.188845, W, 55.942649, -3.189145, 1868.6, 1980.88
55.942649, -3.189145, E, 55.942649, -3.188845, 1868.6, 1979.63
55.942649, -3.188845, W, 55.942649, -3.189145, 1868.6, 1978.38
55.942649, -3.189145, E, 55.942649, -3.188845, 1868.6, 1977.13
55.942649, -3.188845, W, 55.942649, -3.189145, 1868.6, 1975.88
55.942649, -3.189145, E, 55.942649, -3.188845, 1868.6, 1974.63
55.942649, -3.188845, W, 55.942649, -3.189145, 1868.6, 1973.38
55.942649, -3.189145, E, 55.942649, -3.188845, 1868.6, 1972.13
55.942649, -3.188845, W, 55.942649, -3.189145, 1868.6, 1970.88
55.942649, -3.189145, E, 55.942649, -3.188845, 1868.6, 1969.63
55.942649, -3.188845, W, 55.942649, -3.189145, 1868.6, 1968.38
55.942649, -3.189145, E, 55.942649, -3.188845, 1868.6, 1967.13
55.942649, -3.188845, W, 55.942649, -3.189145, 1868.6, 1965.88
55.942649, -3.189145, E, 55.942649, -3.188845, 1868.6, 1964.63
55.942649, -3.188845, W, 55.942649, -3.189145, 1868.6, 1963.38
55.942649, -3.189145, E, 55.942649, -3.188845, 1868.6, 1962.13
55.942649, -3.188845, W, 55.942649, -3.189145, 1868.6, 1960.88
55.942649, -3.189145, E, 55.942649, -3.188845, 1868.6, 1959.63
55.942649, -3.188845, W, 55.942649, -3.189145, 1868.6, 1958.38
55.942649, -3.189145, E, 55.942649, -3.188845, 1868.6, 1957.13
55.942649, -3.188845, W, 55.942649, -3.189145, 1868.6, 1955.88
55.942649, -3.189145, E, 55.942649, -3.188845, 1868.6, 1954.63
55.942649, -3.188845, W, 55.942649, -3.189145, 1868.6, 1953.38
55.942649, -3.189145, E, 55.942649, -3.188845, 1868.6, 1952.13
55.942649, -3.188845, W, 55.942649, -3.189145, 1868.6, 1950.88
55.942649, -3.189145, E, 55.942649, -3.188845, 1868.6, 1949.63
55.942649, -3.188845, W, 55.942649, -3.189145, 1868.6, 1948.38
55.942649, -3.189145, E, 55.942649, -3.188845, 1868.6, 1947.13
55.942649, -3.188845, W, 55.942649, -3.189145, 1868.6, 1945.88
55.942649, -3.189145, E, 55.942649, -3.188845, 1868.6, 1944.63
55.942649, -3.188845, W, 55.942649, -3.189145, 1868.6, 1943.38
55.942649, -3.189145, E, 55.942649, -3.188845, 1868.6, 1942.13
55.942649, -3.188845, W, 55.942649, -3.189145, 1868.6, 1940.88
55.942649, -3.189145, E, 55.942649, -3.188845, 1868.6, 1939.63
55.942649, -3.188845, W, 55.942649, -3.189145, 1868.6, 1938.38
55.942649, -3.189145, E, 55.942649, -3.188845, 1868.6, 1937.13
55.942649, -3.188845, W, 55.942649, -3.189145, 1868.6, 1935.88
55.942649, -3.189145, E, 55.942649, -3.188845, 1868.6, 1934.63
55.942649, -3.188845, W, 55.942649, -3.189145, 1868.6, 1933.38
55.942649, -3.189145, E, 55.942649, -3.188845, 1868.6, 1932.13
55.942649, -3.188845, W, 55.942649, -3.189145, 1868.6, 1930.88
55.942649, -3.189145, E, 55.942649, -3.188845, 1868.6, 1929.63
55.942649, -3.188845, W, 55.942649, -3.189145, 1868.6, 1928.38
55.942649, -3.189145, E, 55.942649, -3.188845, 1868.6, 1927.13
55.942649, -3.188845, W, 55.942649, -3.189145, 1868.6, 1925.88
55.942649, -3.189145, E, 55.942649, -3.188845, 1868.6, 1924.63
55.942649, -3.188845, W, 55.942649, -3.189145, 1868.6, 1923.38
55.942649, -3.189145, E, 55.942649, -3.188845, 1868.6, 1922.13
55.942649, -3.188845, W, 55.942649, -3.189145, 1868.6, 1920.88
55.942649, -3.189145, E, 55.942649, -3.188845, 1868.6, 1919.63

