55.943700, -3.189300, ESE, 55.943585, -3.189023, 0.0, 248.75
55.943585, -3.189023, NW, 55.943797, -3.189235, 0.0, 247.50
55.943797, -3.189235, NNW, 55.944074, -3.189350, 0.0, 246.25
55.944074, -3.189350, SW, 55.943862, -3.189562, 0.0, 245.00
55.943862, -3.189562, S, 55.943562, -3.189562, 0.0, 243.75
55.943562, -3.189562, SSW, 55.943285, -3.189677, 0.0, 242.50
55.943285, -3.189677, NW, 55.943497, -3.189889, 0.0, 241.25
55.943497, -3.189889, NW, 55.943709, -3.190101, 28.8, 343.28
55.943709, -3.190101, WNW, 55.943824, -3.190378, 28.8, 342.03
55.943824, -3.190378, N, 55.944124, -3.190378, 142.7, 406.15
55.944124, -3.190378, NW, 55.944336, -3.190590, 199.1, 411.23
55.944336, -3.190590, WSW, 55.944222, -3.190867, 199.1, 409.98
55.944222, -3.190867, E, 55.944222, -3.190567, 199.1, 408.73
55.944222, -3.190567, W, 55.944222, -3.190867, 199.1, 407.48
55.944222, -3.190867, ESE, 55.944107, -3.190590, 206.5, 431.92
55.944107, -3.190590, W, 55.944107, -3.190890, 328.0, 466.32
55.944107, -3.190890, NE, 55.944319, -3.190678, 328.0, 465.07
55.944319, -3.190678, SW, 55.944107, -3.190890, 328.0, 463.82
55.944107, -3.190890, NW, 55.944319, -3.191102, 328.0, 462.57
55.944319, -3.191102, NNE, 55.944596, -3.190988, 328.0, 461.32
55.944596, -3.190988, WSW, 55.944481, -3.191265, 328.0, 460.07
55.944481, -3.191265, WSW, 55.944366, -3.191542, 328.0, 458.82
55.944366, -3.191542, NNW, 55.944644, -3.191657, 328.0, 457.57
55.944644, -3.191657, S, 55.944344, -3.191657, 328.0, 456.32
55.944344, -3.191657, S, 55.944044, -3.191657, 417.7, 525.11
55.944044, -3.191657, SSW, 55.943766, -3.191772, 417.7, 523.86
55.943766, -3.191772, W, 55.943766, -3.192072, 417.7, 522.61
55.943766, -3.192072, SE, 55.943554, -3.191859, 428.1, 621.02
55.943554, -3.191859, SE, 55.943342, -3.191647, 428.1, 619.77
55.943342, -3.191647, SSE, 55.943065, -3.191532, 456.3, 710.95
55.943065, -3.191532, SW, 55.942853, -3.191745, 456.3, 709.70
55.942853, -3.191745, NE, 55.943065, -3.191532, 456.3, 708.45
55.943065, -3.191532, NNE, 55.943342, -3.191418, 456.3, 707.20
55.943342, -3.191418, S, 55.943042, -3.191418, 456.3, 705.95
55.943042, -3.191418, NNE, 55.943319, -3.191303, 456.3, 704.70
55.943319, -3.191303, NW, 55.943532, -3.191515, 456.3, 703.45
55.943532, -3.191515, NNW, 55.943809, -3.191630, 456.3, 702.20
55.943809, -3.191630, NE, 55.944021, -3.191418, 456.3, 700.95
55.944021, -3.191418, WSW, 55.943906, -3.191695, 456.3, 699.70
55.943906, -3.191695, W, 55.943906, -3.191995, 456.3, 698.45
55.943906, -3.191995, E, 55.943906, -3.191695, 456.3, 697.20
55.943906, -3.191695, N, 55.944206, -3.191695, 456.3, 695.95
55.944206, -3.191695, WNW, 55.944321, -3.191972, 456.3, 694.70
55.944321, -3.191972, WNW, 55.944436, -3.192249, 456.3, 693.45
55.944436, -3.192249, NNW, 55.944713, -3.192364, 456.3, 692.20
55.944713, -3.192364, S, 55.944413, -3.192364, 456.3, 690.95
55.944413, -3.192364, E, 55.944413, -3.192064, 456.3, 689.70
55.944413, -3.192064, S, 55.944113, -3.192064, 456.3, 688.45
55.944113, -3.192064, WNW, 55.944228, -3.192341, 456.3, 687.20
55.944228, -3.192341, NE, 55.944440, -3.192129, 456.3, 685.95
55.944440, -3.192129, E, 55.944440, -3.191829, 456.3, 684.70
55.944440, -3.191829, W, 55.944440, -3.192129, 456.3, 683.45
55.944440, -3.192129, ESE, 55.944325, -3.191852, 456.3, 682.20
55.944325, -3.191852, NW, 55.944537, -3.192064, 456.3, 680.95
55.944537, -3.192064, E, 55.944537, -3.191764, 456.3, 679.70
55.944537, -3.191764, W, 55.944537, -3.192064, 456.3, 678.45
55.944537, -3.192064, SSE, 55.944260, -3.191949, 456.3, 677.20
55.944260, -3.191949, S, 55.943960, -3.191949, 456.3, 675.95
55.943960, -3.191949, NW, 55.944172, -3.192161, 456.3, 674.70
55.944172, -3.192161, NNE, 55.944449, -3.192046, 456.3, 673.45
55.944449, -3.192046, SE, 55.944237, -3.191834, 456.3, 672.20
55.944237, -3.191834, N, 55.944537, -3.191834, 456.3, 670.95
55.944537, -3.191834, NE, 55.944749, -3.191622, 456.3, 669.70
55.944749, -3.191622, N, 55.945049, -3.191622, 456.3, 668.45
55.945049, -3.191622, NW, 55.945261, -3.191834, 456.3, 667.20
55.945261, -3.191834, N, 55.945561, -3.191834, 515.2, 674.20
55.945561, -3.191834, ENE, 55.945676, -3.191557, 539.7, 769.06
55.945676, -3.191557, NW, 55.945888, -3.191769, 539.7, 767.81
55.945888, -3.191769, ENE, 55.946003, -3.191492, 539.7, 766.56
55.946003, -3.191492, W, 55.946003, -3.191792, 539.7, 765.31
55.946003, -3.191792, WSW, 55.945888, -3.192069, 539.7, 764.06
55.945888, -3.192069, W, 55.945888, -3.192369, 647.0, 795.46
55.945888, -3.192369, NE, 55.946100, -3.192157, 647.0, 794.21
55.946100, -3.192157, SW, 55.945888, -3.192369, 647.0, 792.96
55.945888, -3.192369, N, 55.946188, -3.192369, 675.8, 913.47
55.946188, -3.192369, S, 55.945888, -3.192369, 675.8, 912.22
55.945888, -3.192369, N, 55.946188, -3.192369, 675.8, 910.97
55.946188, -3.192369, SSE, 55.945911, -3.192255, 675.8, 909.72
55.945911, -3.192255, N, 55.946211, -3.192255, 675.8, 908.47
55.946211, -3.192255, ESE, 55.946096, -3.191977, 675.8, 907.22
55.946096, -3.191977, ESE, 55.945981, -3.191700, 675.8, 905.97
55.945981, -3.191700, SW, 55.945769, -3.191912, 675.8, 904.72
55.945769, -3.191912, ESE, 55.945655, -3.191635, 675.8, 903.47
55.945655, -3.191635, ESE, 55.945540, -3.191358, 675.8, 902.22
55.945540, -3.191358, ENE, 55.945655, -3.191081, 727.1, 1020.95
55.945655, -3.191081, ENE, 55.945769, -3.190804, 825.6, 1108.63
55.945769, -3.190804, ESE, 55.945655, -3.190526, 762.5, 1023.05
55.945655, -3.190526, N, 55.945955, -3.190526, 762.5, 1021.80
55.945955, -3.190526, SSE, 55.945677, -3.190412, 871.8, 1037.98
55.945677, -3.190412, S, 55.945377, -3.190412, 871.8, 1036.73
55.945377, -3.190412, ESE, 55.945263, -3.190135, 871.8, 1035.48
55.945263, -3.190135, E, 55.945263, -3.189835, 989.4, 1084.37
55.945263, -3.189835, W, 55.945263, -3.190135, 989.4, 1083.12
55.945263, -3.190135, WSW, 55.945148, -3.190412, 989.4, 1081.87
55.945148, -3.190412, SSW, 55.944871, -3.190526, 989.4, 1080.62
55.944871, -3.190526, NW, 55.945083, -3.190739, 989.4, 1079.37
55.945083, -3.190739, N, 55.945383, -3.190739, 989.4, 1078.12
55.945383, -3.190739, ENE, 55.945498, -3.190461, 989.4, 1076.87
55.945498, -3.190461, NNW, 55.945775, -3.190576, 989.4, 1075.62
55.945775, -3.190576, NNE, 55.946052, -3.190461, 989.4, 1074.37
55.946052, -3.190461, WNW, 55.946167, -3.190739, 989.4, 1073.12
55.946167, -3.190739, SSW, 55.945889, -3.190853, 989.4, 1071.87
55.945889, -3.190853, NW, 55.946102, -3.191066, 989.4, 1070.62
55.946102, -3.191066, WSW, 55.945987, -3.191343, 989.4, 1069.37
55.945987, -3.191343, ESE, 55.945872, -3.191066, 989.4, 1068.12
55.945872, -3.191066, ESE, 55.945757, -3.190788, 989.4, 1066.87
55.945757, -3.190788, NW, 55.945969, -3.191001, 989.4, 1065.62
55.945969, -3.191001, WSW, 55.945855, -3.191278, 989.4, 1064.37
55.945855, -3.191278, SSW, 55.945577, -3.191393, 989.4, 1063.12
55.945577, -3.191393, N, 55.945877, -3.191393, 989.4, 1061.87
55.945877, -3.191393, SSW, 55.945600, -3.191507, 989.4, 1060.62
55.945600, -3.191507, W, 55.945600, -3.191807, 989.4, 1059.37
55.945600, -3.191807, SE, 55.945388, -3.191595, 989.4, 1058.12
55.945388, -3.191595, SW, 55.945176, -3.191807, 989.4, 1056.87
55.945176, -3.191807, N, 55.945476, -3.191807, 989.4, 1055.62
55.945476, -3.191807, WSW, 55.945361, -3.192084, 989.4, 1054.37
55.945361, -3.192084, WNW, 55.945476, -3.192362, 989.4, 1053.12
55.945476, -3.192362, N, 55.945776, -3.192362, 989.4, 1051.87
55.945776, -3.192362, NNE, 55.946053, -3.192247, 989.4, 1050.62
55.946053, -3.192247, SSE, 55.945776, -3.192132, 989.4, 1049.37
55.945776, -3.192132, WNW, 55.945891, -3.192409, 989.4, 1048.12
55.945891, -3.192409, S, 55.945591, -3.192409, 989.4, 1046.87
55.945591, -3.192409, SE, 55.945379, -3.192197, 989.4, 1045.62
55.945379, -3.192197, E, 55.945379, -3.191897, 989.4, 1044.37
55.945379, -3.191897, SE, 55.945166, -3.191685, 989.4, 1043.12
55.945166, -3.191685, SE, 55.944954, -3.191473, 989.4, 1041.87
55.944954, -3.191473, WNW, 55.945069, -3.191750, 989.4, 1040.62
55.945069, -3.191750, N, 55.945369, -3.191750, 989.4, 1039.37
55.945369, -3.191750, WSW, 55.945254, -3.192027, 989.4, 1038.12
55.945254, -3.192027, E, 55.945254, -3.191727, 989.4, 1036.87
55.945254, -3.191727, NNW, 55.945532, -3.191842, 989.4, 1035.62
55.945532, -3.191842, WNW, 55.945646, -3.192119, 989.4, 1034.37
55.945646, -3.192119, N, 55.945946, -3.192119, 989.4, 1033.12
55.945946, -3.192119, WSW, 55.945832, -3.192396, 989.4, 1031.87
55.945832, -3.192396, NE, 55.946044, -3.192184, 989.4, 1030.62
55.946044, -3.192184, ENE, 55.946158, -3.191907, 989.4, 1029.37
55.946158, -3.191907, S, 55.945858, -3.191907, 989.4, 1028.12
55.945858, -3.191907, ESE, 55.945744, -3.191630, 989.4, 1026.87
55.945744, -3.191630, W, 55.945744, -3.191930, 989.4, 1025.62
55.945744, -3.191930, NNW, 55.946021, -3.192045, 989.4, 1024.37
55.946021, -3.192045, W, 55.946021, -3.192345, 989.4, 1023.12
55.946021, -3.192345, S, 55.945721, -3.192345, 989.4, 1021.87
55.945721, -3.192345, NE, 55.945933, -3.192132, 989.4, 1020.62
55.945933, -3.192132, SE, 55.945721, -3.191920, 989.4, 1019.37
55.945721, -3.191920, SW, 55.945509, -3.192132, 989.4, 1018.12
55.945509, -3.192132, ENE, 55.945623, -3.191855, 989.4, 1016.87
55.945623, -3.191855, W, 55.945623, -3.192155, 989.4, 1015.62
55.945623, -3.192155, NNW, 55.945901, -3.192270, 989.4, 1014.37
55.945901, -3.192270, NNW, 55.946178, -3.192385, 989.4, 1013.12
55.946178, -3.192385, SSE, 55.945901, -3.192270, 989.4, 1011.87
55.945901, -3.192270, SE, 55.945689, -3.192058, 989.4, 1010.62
55.945689, -3.192058, NE, 55.945901, -3.191846, 989.4, 1009.37
55.945901, -3.191846, E, 55.945901, -3.191546, 989.4, 1008.12
55.945901, -3.191546, SE, 55.945689, -3.191334, 989.4, 1006.87
55.945689, -3.191334, E, 55.945689, -3.191034, 989.4, 1005.62
55.945689, -3.191034, WNW, 55.945803, -3.191311, 989.4, 1004.37
55.945803, -3.191311, E, 55.945803, -3.191011, 989.4, 1003.12
55.945803, -3.191011, SSE, 55.945526, -3.190896, 989.4, 1001.87
55.945526, -3.190896, SSW, 55.945249, -3.191011, 989.4, 1000.62
55.945249, -3.191011, SSE, 55.944972, -3.190896, 989.4, 999.37
55.944972, -3.190896, SSW, 55.944695, -3.191011, 989.4, 998.12
55.944695, -3.191011, SW, 55.944483, -3.191223, 989.4, 996.87
55.944483, -3.191223, SE, 55.944270, -3.191011, 989.4, 995.62
55.944270, -3.191011, SE, 55.944058, -3.190799, 989.4, 994.37
55.944058, -3.190799, SSW, 55.943781, -3.190914, 989.4, 993.12
55.943781, -3.190914, NW, 55.943993, -3.191126, 989.4, 991.87
55.943993, -3.191126, SE, 55.943781, -3.190914, 989.4, 990.62
55.943781, -3.190914, WNW, 55.943896, -3.191191, 989.4, 989.37
55.943896, -3.191191, S, 55.943596, -3.191191, 989.4, 988.12
55.943596, -3.191191, E, 55.943596, -3.190891, 989.4, 986.87
55.943596, -3.190891, ESE, 55.943481, -3.190614, 989.4, 985.62
55.943481, -3.190614, ESE, 55.943366, -3.190336, 989.4, 984.37
55.943366, -3.190336, SSW, 55.943089, -3.190451, 989.4, 983.12
55.943089, -3.190451, WSW, 55.942974, -3.190728, 989.4, 981.87
55.942974, -3.190728, ENE, 55.943089, -3.190451, 989.4, 980.62
55.943089, -3.190451, NNE, 55.943366, -3.190336, 989.4, 979.37
55.943366, -3.190336, N, 55.943666, -3.190336, 989.4, 978.12
55.943666, -3.190336, SSE, 55.943389, -3.190222, 989.4, 976.87
55.943389, -3.190222, NNE, 55.943666, -3.190107, 989.4, 975.62
55.943666, -3.190107, ENE, 55.943781, -3.189830, 989.4, 974.37
55.943781, -3.189830, W, 55.943781, -3.190130, 989.4, 973.12
55.943781, -3.190130, SW, 55.943569, -3.190342, 989.4, 971.87
55.943569, -3.190342, NE, 55.943781, -3.190130, 989.4, 970.62
55.943781, -3.190130, SSE, 55.943504, -3.190015, 989.4, 969.37
55.943504, -3.190015, S, 55.943204, -3.190015, 989.4, 968.12
55.943204, -3.190015, ESE, 55.943089, -3.189738, 989.4, 966.87
55.943089, -3.189738, WNW, 55.943204, -3.190015, 989.4, 965.62
55.943204, -3.190015, S, 55.942904, -3.190015, 989.4, 964.37
55.942904, -3.190015, SW, 55.942692, -3.190227, 989.4, 963.12
55.942692, -3.190227, NW, 55.942904, -3.190439, 989.4, 961.87
55.942904, -3.190439, NW, 55.943116, -3.190651, 989.4, 960.62
55.943116, -3.190651, WNW, 55.943231, -3.190928, 989.4, 959.37
55.943231, -3.190928, W, 55.943231, -3.191228, 989.4, 958.12
55.943231, -3.191228, ENE, 55.943346, -3.190951, 989.4, 956.87
55.943346, -3.190951, E, 55.943346, -3.190651, 989.4, 955.62
55.943346, -3.190651, S, 55.943046, -3.190651, 989.4, 954.37
55.943046, -3.190651, SE, 55.942834, -3.190439, 989.4, 953.12
55.942834, -3.190439, NE, 55.943046, -3.190227, 989.4, 951.87
55.943046, -3.190227, WNW, 55.943160, -3.190504, 989.4, 950.62
55.943160, -3.190504, N, 55.943460, -3.190504, 989.4, 949.37
55.943460, -3.190504, SSW, 55.943183, -3.190619, 989.4, 948.12
55.943183, -3.190619, SSW, 55.942906, -3.190734, 989.4, 946.87
55.942906, -3.190734, NW, 55.943118, -3.190946, 989.4, 945.62
55.943118, -3.190946, W, 55.943118, -3.191246, 989.4, 944.37
55.943118, -3.191246, WSW, 55.943003, -3.191523, 989.4, 943.12
55.943003, -3.191523, NE, 55.943216, -3.191311, 989.4, 941.87
55.943216, -3.191311, S, 55.942916, -3.191311, 989.4, 940.62
55.942916, -3.191311, WNW, 55.943030, -3.191588, 989.4, 939.37
55.943030, -3.191588, NW, 55.943243, -3.191800, 989.4, 938.12
55.943243, -3.191800, ESE, 55.943128, -3.191523, 989.4, 936.87
55.943128, -3.191523, ENE, 55.943243, -3.191246, 989.4, 935.62
55.943243, -3.191246, ENE, 55.943357, -3.190969, 989.4, 934.37
55.943357, -3.190969, ESE, 55.943243, -3.190692, 989.4, 933.12
55.943243, -3.190692, S, 55.942943, -3.190692, 989.4, 931.87
55.942943, -3.190692, SSW, 55.942665, -3.190806, 989.4, 930.62
55.942665, -3.190806, NNW, 55.942943, -3.190921, 989.4, 929.37
55.942943, -3.190921, E, 55.942943, -3.190621, 989.4, 928.12
55.942943, -3.190621, NNE, 55.943220, -3.190506, 989.4, 926.87
55.943220, -3.190506, NNE, 55.943497, -3.190392, 989.4, 925.62
55.943497, -3.190392, E, 55.943497, -3.190092, 989.4, 924.37
55.943497, -3.190092, NE, 55.943709, -3.189879, 989.4, 923.12
55.943709, -3.189879, SSE, 55.943432, -3.189765, 989.4, 921.87
55.943432, -3.189765, NNE, 55.943709, -3.189650, 989.4, 920.62
55.943709, -3.189650, SE, 55.943497, -3.189438, 989.4, 919.37
55.943497, -3.189438, W, 55.943497, -3.189738, 989.4, 918.12
55.943497, -3.189738, NE, 55.943709, -3.189526, 989.4, 916.87
55.943709, -3.189526, NNE, 55.943986, -3.189411, 989.4, 915.62
55.943986, -3.189411, SSE, 55.943709, -3.189296, 989.4, 914.37
55.943709, -3.189296, NW, 55.943921, -3.189508, 989.4, 913.12
55.943921, -3.189508, W, 55.943921, -3.189808, 989.4, 911.87
55.943921, -3.189808, WSW, 55.943806, -3.190085, 989.4, 910.62
55.943806, -3.190085, NNE, 55.944084, -3.189970, 989.4, 909.37
55.944084, -3.189970, NNW, 55.944361, -3.190085, 989.4, 908.12
55.944361, -3.190085, WSW, 55.944246, -3.190362, 989.4, 906.87
55.944246, -3.190362, ENE, 55.944361, -3.190085, 989.4, 905.62
55.944361, -3.190085, N, 55.944661, -3.190085, 989.4, 904.37
55.944661, -3.190085, NW, 55.944873, -3.190297, 989.4, 903.12
55.944873, -3.190297, SE, 55.944661, -3.190085, 989.4, 901.87
55.944661, -3.190085, NNW, 55.944938, -3.190200, 989.4, 900.62
55.944938, -3.190200, N, 55.945238, -3.190200, 989.4, 899.37
55.945238, -3.190200, SSW, 55.944961, -3.190315, 989.4, 898.12
55.944961, -3.190315, SE, 55.944749, -3.190103, 989.4, 896.87
55.944749, -3.190103, N, 55.945049, -3.190103, 989.4, 895.62
55.945049, -3.190103, SSW, 55.944771, -3.190217, 989.4, 894.37
55.944771, -3.190217, NNE, 55.945049, -3.190103, 989.4, 893.12
55.945049, -3.190103, SSE, 55.944771, -3.189988, 989.4, 891.87
55.944771, -3.189988, SW, 55.944559, -3.190200, 989.4, 890.62
55.944559, -3.190200, ENE, 55.944674, -3.189923, 989.4, 889.37
55.944674, -3.189923, NW, 55.944886, -3.190135, 989.4, 888.12
55.944886, -3.190135, WNW, 55.945001, -3.190412, 989.4, 886.87

