55.944425, -3.188396, ENE, 55.944540, -3.188119, 0.000000, 248.750000
55.944540, -3.188119, WNW, 55.944655, -3.188396, 0.000000, 247.500000
55.944655, -3.188396, SSE, 55.944377, -3.188281, 0.000000, 246.250000
55.944377, -3.188281, SW, 55.944165, -3.188493, 0.000000, 245.000000
55.944165, -3.188493, N, 55.944465, -3.188493, 31.649393, 322.670118
55.944465, -3.188493, N, 55.944765, -3.188493, 31.649393, 321.420118
55.944765, -3.188493, SW, 55.944553, -3.188705, 31.649393, 320.170118
55.944553, -3.188705, SSW, 55.944276, -3.188820, 31.649393, 318.920118
55.944276, -3.188820, NNW, 55.944553, -3.188935, 31.649393, 317.670118
55.944553, -3.188935, WSW, 55.944438, -3.189212, 31.649393, 316.420118
55.944438, -3.189212, NE, 55.944651, -3.189000, 31.649393, 315.170118
55.944651, -3.189000, SW, 55.944438, -3.189212, 31.649393, 313.920118
55.944438, -3.189212, NW, 55.944651, -3.189424, 31.649393, 312.670118
55.944651, -3.189424, NE, 55.944863, -3.189212, 31.649393, 311.420118
55.944863, -3.189212, WNW, 55.944977, -3.189489, 94.573211, 323.898072
55.944977, -3.189489, ESE, 55.944863, -3.189212, 94.573211, 322.648072
55.944863, -3.189212, N, 55.945163, -3.189212, 94.573211, 321.398072
55.945163, -3.189212, ENE, 55.945277, -3.188935, 94.573211, 320.148072
55.945277, -3.188935, SSE, 55.945000, -3.188820, 94.573211, 318.898072
55.945000, -3.188820, W, 55.945000, -3.189120, 94.573211, 317.648072
55.945000, -3.189120, ENE, 55.945115, -3.188843, 94.573211, 316.398072
55.945115, -3.188843, WNW, 55.945230, -3.189120, 94.573211, 315.148072
55.945230, -3.189120, NE, 55.945442, -3.188908, 94.573211, 313.898072
55.945442, -3.188908, N, 55.945742, -3.188908, 94.573211, 312.648072
55.945742, -3.188908, NNE, 55.946019, -3.188793, 94.573211, 311.398072
55.946019, -3.188793, NW, 55.946231, -3.189005, 94.573211, 310.148072
55.946231, -3.189005, WSW, 55.946117, -3.189283, 94.573211, 308.898072
55.946117, -3.189283, ESE, 55.946002, -3.189005, 94.573211, 307.648072
55.946002, -3.189005, NW, 55.946214, -3.189218, 94.573211, 306.398072
55.946214, -3.189218, E, 55.946214, -3.188918, 94.573211, 305.148072
55.946214, -3.188918, S, 55.945914, -3.188918, 94.573211, 303.898072
55.945914, -3.188918, SSW, 55.945637, -3.189032, 94.573211, 302.648072
55.945637, -3.189032, NE, 55.945849, -3.188820, 94.573211, 301.398072
55.945849, -3.188820, WNW, 55.945964, -3.189097, 94.573211, 300.148072
55.945964, -3.189097, WNW, 55.946078, -3.189375, 94.573211, 298.898072
55.946078, -3.189375, W, 55.946078, -3.189675, 94.573211, 297.648072
55.946078, -3.189675, SSE, 55.945801, -3.189560, 94.573211, 296.398072
55.945801, -3.189560, N, 55.946101, -3.189560, 94.573211, 295.148072
55.946101, -3.189560, SW, 55.945889, -3.189772, 94.573211, 293.898072
55.945889, -3.189772, ESE, 55.945774, -3.189495, 94.573211, 292.648072
55.945774, -3.189495, WSW, 55.945660, -3.189772, 94.573211, 291.398072
55.945660, -3.189772, NW, 55.945872, -3.189984, 94.573211, 290.148072
55.945872, -3.189984, NE, 55.946084, -3.189772, 94.573211, 288.898072
55.946084, -3.189772, SE, 55.945872, -3.189560, 94.573211, 287.648072
55.945872, -3.189560, NW, 55.946084, -3.189772, 94.573211, 286.398072
55.946084, -3.189772, SW, 55.945872, -3.189984, 94.573211, 285.148072
55.945872, -3.189984, WSW, 55.945757, -3.190261, 94.573211, 283.898072
55.945757, -3.190261, N, 55.946057, -3.190261, 94.573211, 282.648072
55.946057, -3.190261, SSE, 55.945780, -3.190146, 94.573211, 281.398072
55.945780, -3.190146, NNW, 55.946057, -3.190261, 94.573211, 280.148072
55.946057, -3.190261, SW, 55.945845, -3.190473, 94.573211, 278.898072
55.945845, -3.190473, W, 55.945845, -3.190773, 94.573211, 277.648072
55.945845, -3.190773, NW, 55.946057, -3.190985, 94.573211, 276.398072
55.946057, -3.190985, WSW, 55.945942, -3.191263, 94.573211, 275.148072
55.945942, -3.191263, NNW, 55.946219, -3.191377, 94.573211, 273.898072
55.946219, -3.191377, SSE, 55.945942, -3.191263, 94.573211, 272.648072
55.945942, -3.191263, ESE, 55.945827, -3.190985, 94.573211, 271.398072
55.945827, -3.190985, SE, 55.945615, -3.190773, 94.573211, 270.148072
55.945615, -3.190773, SSE, 55.945338, -3.190659, 94.573211, 268.898072
55.945338, -3.190659, WNW, 55.945453, -3.190936, 94.573211, 267.648072
55.945453, -3.190936, WSW, 55.945338, -3.191213, 94.573211, 266.398072
55.945338, -3.191213, ENE, 55.945453, -3.190936, 94.573211, 265.148072
55.945453, -3.190936, SW, 55.945241, -3.191148, 94.573211, 263.898072
55.945241, -3.191148, SSW, 55.944963, -3.191263, 94.573211, 262.648072
55.944963, -3.191263, S, 55.944663, -3.191263, 216.208081, 332.001244
55.944663, -3.191263, NE, 55.944876, -3.191051, 216.208081, 330.751244
55.944876, -3.191051, SSE, 55.944598, -3.190936, 216.208081, 329.501244
55.944598, -3.190936, WNW, 55.944713, -3.191213, 216.208081, 328.251244
55.944713, -3.191213, NNE, 55.944990, -3.191098, 216.208081, 327.001244
55.944990, -3.191098, ENE, 55.945105, -3.190821, 216.208081, 325.751244
55.945105, -3.190821, WSW, 55.944990, -3.191098, 216.208081, 324.501244
55.944990, -3.191098, NW, 55.945203, -3.191310, 216.208081, 323.251244
55.945203, -3.191310, SW, 55.944990, -3.191522, 216.208081, 322.001244
55.944990, -3.191522, NNE, 55.945268, -3.191408, 216.208081, 320.751244
55.945268, -3.191408, SSW, 55.944990, -3.191522, 216.208081, 319.501244
55.944990, -3.191522, NNE, 55.945268, -3.191408, 216.208081, 318.251244
55.945268, -3.191408, SSW, 55.944990, -3.191522, 216.208081, 317.001244
55.944990, -3.191522, W, 55.944990, -3.191822, 216.208081, 315.751244
55.944990, -3.191822, NW, 55.945203, -3.192034, 216.208081, 314.501244
55.945203, -3.192034, SE, 55.944990, -3.191822, 216.208081, 313.251244
55.944990, -3.191822, N, 55.945290, -3.191822, 216.208081, 312.001244
55.945290, -3.191822, NW, 55.945503, -3.192034, 216.208081, 310.751244
55.945503, -3.192034, W, 55.945503, -3.192334, 216.208081, 309.501244
55.945503, -3.192334, NNE, 55.945780, -3.192220, 216.208081, 308.251244
55.945780, -3.192220, ESE, 55.945665, -3.191942, 287.210351, 373.170915
55.945665, -3.191942, ESE, 55.945550, -3.191665, 335.809588, 395.959297
55.945550, -3.191665, SE, 55.945338, -3.191453, 335.809588, 394.709297
55.945338, -3.191453, NE, 55.945550, -3.191241, 335.809588, 393.459297
55.945550, -3.191241, SSE, 55.945273, -3.191126, 335.809588, 392.209297
55.945273, -3.191126, S, 55.944973, -3.191126, 335.809588, 390.959297
55.944973, -3.191126, ENE, 55.945088, -3.190849, 335.809588, 389.709297
55.945088, -3.190849, NNW, 55.945365, -3.190964, 335.809588, 388.459297
55.945365, -3.190964, SW, 55.945153, -3.191176, 335.809588, 387.209297
55.945153, -3.191176, N, 55.945453, -3.191176, 335.809588, 385.959297
55.945453, -3.191176, NW, 55.945665, -3.191388, 335.809588, 384.709297
55.945665, -3.191388, N, 55.945965, -3.191388, 335.809588, 383.459297
55.945965, -3.191388, SSE, 55.945688, -3.191273, 335.809588, 382.209297
55.945688, -3.191273, ENE, 55.945803, -3.190996, 335.809588, 380.959297
55.945803, -3.190996, SSW, 55.945525, -3.191111, 335.809588, 379.709297
55.945525, -3.191111, ESE, 55.945411, -3.190834, 335.809588, 378.459297
55.945411, -3.190834, SSE, 55.945133, -3.190719, 335.809588, 377.209297
55.945133, -3.190719, ESE, 55.945019, -3.190442, 335.809588, 375.959297
55.945019, -3.190442, NNW, 55.945296, -3.190557, 340.587122, 434.297009
55.945296, -3.190557, SSE, 55.945019, -3.190442, 247.394743, 313.411919
55.945019, -3.190442, N, 55.945319, -3.190442, 247.394743, 312.161919
55.945319, -3.190442, NE, 55.945531, -3.190230, 247.394743, 310.911919
55.945531, -3.190230, SSW, 55.945254, -3.190345, 247.394743, 309.661919
55.945254, -3.190345, ENE, 55.945368, -3.190067, 247.394743, 308.411919
55.945368, -3.190067, SE, 55.945156, -3.189855, 247.394743, 307.161919
55.945156, -3.189855, SE, 55.944944, -3.189643, 247.394743, 305.911919
55.944944, -3.189643, WNW, 55.945059, -3.189920, 247.394743, 304.661919
55.945059, -3.189920, ENE, 55.945174, -3.189643, 247.394743, 303.411919
55.945174, -3.189643, SSE, 55.944897, -3.189528, 247.394743, 302.161919
55.944897, -3.189528, E, 55.944897, -3.189228, 247.394743, 300.911919
55.944897, -3.189228, NNE, 55.945174, -3.189114, 247.394743, 299.661919
55.945174, -3.189114, SSE, 55.944897, -3.188999, 247.394743, 298.411919
55.944897, -3.188999, SW, 55.944684, -3.189211, 247.394743, 297.161919
55.944684, -3.189211, E, 55.944684, -3.188911, 247.394743, 295.911919
55.944684, -3.188911, NW, 55.944897, -3.189123, 247.394743, 294.661919
55.944897, -3.189123, NNW, 55.945174, -3.189238, 247.394743, 293.411919
55.945174, -3.189238, S, 55.944874, -3.189238, 247.394743, 292.161919
55.944874, -3.189238, NE, 55.945086, -3.189026, 247.394743, 290.911919
55.945086, -3.189026, SE, 55.944874, -3.188814, 247.394743, 289.661919
55.944874, -3.188814, WNW, 55.944989, -3.189091, 247.394743, 288.411919
55.944989, -3.189091, NW, 55.945201, -3.189303, 247.394743, 287.161919
55.945201, -3.189303, SSW, 55.944923, -3.189418, 247.394743, 285.911919
55.944923, -3.189418, E, 55.944923, -3.189118, 247.394743, 284.661919
55.944923, -3.189118, WNW, 55.945038, -3.189395, 247.394743, 283.411919
55.945038, -3.189395, SE, 55.944826, -3.189183, 247.394743, 282.161919
55.944826, -3.189183, NE, 55.945038, -3.188971, 247.394743, 280.911919
55.945038, -3.188971, SW, 55.944826, -3.189183, 247.394743, 279.661919
55.944826, -3.189183, WSW, 55.944711, -3.189460, 247.394743, 278.411919
55.944711, -3.189460, NE, 55.944923, -3.189248, 247.394743, 277.161919
55.944923, -3.189248, NNE, 55.945201, -3.189133, 247.394743, 275.911919
55.945201, -3.189133, ESE, 55.945086, -3.188856, 247.394743, 274.661919
55.945086, -3.188856, ENE, 55.945201, -3.188579, 247.394743, 273.411919
55.945201, -3.188579, SE, 55.944989, -3.188366, 247.394743, 272.161919
55.944989, -3.188366, NNW, 55.945266, -3.188481, 247.394743, 270.911919
55.945266, -3.188481, E, 55.945266, -3.188181, 247.394743, 269.661919
55.945266, -3.188181, SSE, 55.944989, -3.188066, 317.253778, 340.729580
55.944989, -3.188066, ENE, 55.945103, -3.187789, 371.142747, 435.370679
55.945103, -3.187789, E, 55.945103, -3.187489, 371.142747, 434.120679
55.945103, -3.187489, WSW, 55.944989, -3.187766, 371.142747, 432.870679
55.944989, -3.187766, N, 55.945289, -3.187766, 371.142747, 431.620679
55.945289, -3.187766, SSE, 55.945011, -3.187652, 371.142747, 430.370679
55.945011, -3.187652, SSW, 55.944734, -3.187766, 371.142747, 429.120679
55.944734, -3.187766, N, 55.945034, -3.187766, 371.142747, 427.870679
55.945034, -3.187766, E, 55.945034, -3.187466, 371.142747, 426.620679
55.945034, -3.187466, SSW, 55.944757, -3.187581, 371.142747, 425.370679
55.944757, -3.187581, W, 55.944757, -3.187881, 371.142747, 424.120679
55.944757, -3.187881, SSW, 55.944480, -3.187996, 371.142747, 422.870679
55.944480, -3.187996, S, 55.944180, -3.187996, 371.142747, 421.620679
55.944180, -3.187996, S, 55.943880, -3.187996, 371.142747, 420.370679
55.943880, -3.187996, ESE, 55.943765, -3.187719, 371.142747, 419.120679
55.943765, -3.187719, WSW, 55.943650, -3.187996, 371.142747, 417.870679
55.943650, -3.187996, WNW, 55.943765, -3.188273, 371.142747, 416.620679
55.943765, -3.188273, E, 55.943765, -3.187973, 371.142747, 415.370679
55.943765, -3.187973, W, 55.943765, -3.188273, 371.142747, 414.120679
55.943765, -3.188273, NE, 55.943977, -3.188061, 371.142747, 412.870679
55.943977, -3.188061, E, 55.943977, -3.187761, 371.142747, 411.620679
55.943977, -3.187761, SW, 55.943765, -3.187973, 371.142747, 410.370679
55.943765, -3.187973, W, 55.943765, -3.188273, 371.142747, 409.120679
55.943765, -3.188273, SE, 55.943553, -3.188061, 371.142747, 407.870679
55.943553, -3.188061, WSW, 55.943438, -3.188338, 371.142747, 406.620679
55.943438, -3.188338, W, 55.943438, -3.188638, 371.142747, 405.370679
55.943438, -3.188638, WSW, 55.943323, -3.188915, 371.142747, 404.120679
55.943323, -3.188915, SSW, 55.943046, -3.189030, 371.142747, 402.870679
55.943046, -3.189030, ENE, 55.943161, -3.188753, 371.142747, 401.620679
55.943161, -3.188753, ENE, 55.943276, -3.188476, 371.142747, 400.370679
55.943276, -3.188476, ENE, 55.943391, -3.188199, 371.142747, 399.120679
55.943391, -3.188199, SSW, 55.943113, -3.188313, 456.547189, 456.191648
55.943113, -3.188313, ENE, 55.943228, -3.188036, 456.547189, 454.941648
55.943228, -3.188036, E, 55.943228, -3.187736, 456.547189, 453.691648
55.943228, -3.187736, WNW, 55.943343, -3.188013, 456.547189, 452.441648
55.943343, -3.188013, WNW, 55.943458, -3.188291, 456.547189, 451.191648
55.943458, -3.188291, NE, 55.943670, -3.188079, 456.547189, 449.941648
55.943670, -3.188079, SW, 55.943458, -3.188291, 456.547189, 448.691648
55.943458, -3.188291, S, 55.943158, -3.188291, 456.547189, 447.441648
55.943158, -3.188291, SSW, 55.942881, -3.188405, 456.547189, 446.191648
55.942881, -3.188405, ESE, 55.942766, -3.188128, 500.243127, 452.354458
55.942766, -3.188128, NNE, 55.943043, -3.188013, 500.243127, 451.104458
55.943043, -3.188013, WNW, 55.943158, -3.188291, 500.243127, 449.854458
55.943158, -3.188291, WNW, 55.943273, -3.188568, 500.243127, 448.604458
55.943273, -3.188568, N, 55.943573, -3.188568, 500.243127, 447.354458
55.943573, -3.188568, SSE, 55.943295, -3.188453, 500.243127, 446.104458
55.943295, -3.188453, SSE, 55.943018, -3.188338, 500.243127, 444.854458
55.943018, -3.188338, NE, 55.943230, -3.188126, 500.243127, 443.604458
55.943230, -3.188126, WSW, 55.943116, -3.188403, 500.243127, 442.354458
55.943116, -3.188403, WNW, 55.943230, -3.188680, 500.243127, 441.104458
55.943230, -3.188680, ENE, 55.943345, -3.188403, 500.243127, 439.854458
55.943345, -3.188403, NNW, 55.943622, -3.188518, 500.243127, 438.604458
55.943622, -3.188518, NNW, 55.943900, -3.188633, 500.243127, 437.354458
55.943900, -3.188633, NE, 55.944112, -3.188421, 500.243127, 436.104458
55.944112, -3.188421, W, 55.944112, -3.188721, 500.243127, 434.854458
55.944112, -3.188721, E, 55.944112, -3.188421, 500.243127, 433.604458
55.944112, -3.188421, NNW, 55.944389, -3.188536, 500.243127, 432.354458
55.944389, -3.188536, SSE, 55.944112, -3.188421, 500.243127, 431.104458
55.944112, -3.188421, N, 55.944412, -3.188421, 500.243127, 429.854458
55.944412, -3.188421, S, 55.944112, -3.188421, 500.243127, 428.604458
55.944112, -3.188421, SSW, 55.943835, -3.188536, 500.243127, 427.354458
55.943835, -3.188536, NNW, 55.944112, -3.188650, 500.243127, 426.104458
55.944112, -3.188650, SSE, 55.943835, -3.188536, 500.243127, 424.854458
55.943835, -3.188536, S, 55.943535, -3.188536, 500.243127, 423.604458
55.943535, -3.188536, NNE, 55.943812, -3.188421, 500.243127, 422.354458
55.943812, -3.188421, E, 55.943812, -3.188121, 500.243127, 421.104458
55.943812, -3.188121, WSW, 55.943697, -3.188398, 500.243127, 419.854458
55.943697, -3.188398, W, 55.943697, -3.188698, 500.243127, 418.604458
55.943697, -3.188698, ENE, 55.943812, -3.188421, 500.243127, 417.354458
55.943812, -3.188421, NE, 55.944024, -3.188209, 500.243127, 416.104458
55.944024, -3.188209, WNW, 55.944139, -3.188486, 500.243127, 414.854458
55.944139, -3.188486, SW, 55.943926, -3.188698, 500.243127, 413.604458
55.943926, -3.188698, SSW, 55.943649, -3.188813, 500.243127, 412.354458
55.943649, -3.188813, SE, 55.943437, -3.188601, 500.243127, 411.104458
55.943437, -3.188601, NNW, 55.943714, -3.188715, 500.243127, 409.854458
55.943714, -3.188715, E, 55.943714, -3.188415, 500.243127, 408.604458
55.943714, -3.188415, SW, 55.943502, -3.188627, 500.243127, 407.354458
55.943502, -3.188627, NNE, 55.943779, -3.188513, 500.243127, 406.104458
55.943779, -3.188513, N, 55.944079, -3.188513, 500.243127, 404.854458
55.944079, -3.188513, SW, 55.943867, -3.188725, 500.243127, 403.604458
55.943867, -3.188725, ESE, 55.943752, -3.188448, 500.243127, 402.354458
55.943752, -3.188448, S, 55.943452, -3.188448, 500.243127, 401.104458
55.943452, -3.188448, WSW, 55.943338, -3.188725, 500.243127, 399.854458
55.943338, -3.188725, SE, 55.943126, -3.188513, 500.243127, 398.604458
55.943126, -3.188513, SE, 55.942913, -3.188301, 500.243127, 397.354458
55.942913, -3.188301, ESE, 55.942799, -3.188023, 500.243127, 396.104458
55.942799, -3.188023, WNW, 55.942913, -3.188301, 500.243127, 394.854458
55.942913, -3.188301, W, 55.942913, -3.188601, 500.243127, 393.604458
55.942913, -3.188601, NE, 55.943126, -3.188388, 539.244252, 506.337660
55.943126, -3.188388, NE, 55.943338, -3.188176, 539.244252, 505.087660
55.943338, -3.188176, SSW, 55.943060, -3.188291, 539.244252, 503.837660
55.943060, -3.188291, NW, 55.943273, -3.188503, 539.244252, 502.587660
55.943273, -3.188503, NW, 55.943485, -3.188715, 539.244252, 501.337660
55.943485, -3.188715, SSE, 55.943208, -3.188601, 539.244252, 500.087660
55.943208, -3.188601, SSW, 55.942930, -3.188715, 539.244252, 498.837660
55.942930, -3.188715, WNW, 55.943045, -3.188993, 515.950302, 451.841398
55.943045, -3.188993, NW, 55.943257, -3.189205, 515.950302, 450.591398
55.943257, -3.189205, E, 55.943257, -3.188905, 515.950302, 449.341398
55.943257, -3.188905, NE, 55.943469, -3.188693, 515.950302, 448.091398
55.943469, -3.188693, S, 55.943169, -3.188693, 515.950302, 446.841398
55.943169, -3.188693, WSW, 55.943055, -3.188970, 515.950302, 445.591398
55.943055, -3.188970, N, 55.943355, -3.188970, 515.950302, 444.341398
55.943355, -3.188970, S, 55.943055, -3.188970, 515.950302, 443.091398
55.943055, -3.188970, ESE, 55.942940, -3.188693, 515.950302, 441.841398
55.942940, -3.188693, WSW, 55.942825, -3.188970, 515.950302, 440.591398
55.942825, -3.188970, E, 55.942825, -3.188670, 515.950302, 439.341398
55.942825, -3.188670, WNW, 55.942940, -3.188947, 515.950302, 438.091398
55.942940, -3.188947, ESE, 55.942825, -3.188670, 515.950302, 436.841398
55.942825, -3.188670, NE, 55.943037, -3.188458, 515.950302, 435.591398
55.943037, -3.188458, NNE, 55.943314, -3.188343, 515.950302, 434.341398
55.943314, -3.188343, E, 55.943314, -3.188043, 515.950302, 433.091398

