55.943700, -3.189300, SW, 55.943488, -3.189512, 123.1, 260.96
55.943488, -3.189512, ESE, 55.943373, -3.189235, 158.5, 325.65
55.943373, -3.189235, S, 55.943073, -3.189235, 188.9, 346.68
55.943073, -3.189235, W, 55.943073, -3.189535, 188.9, 345.43
55.943073, -3.189535, W, 55.943073, -3.189835, 188.9, 344.18
55.943073, -3.189835, W, 55.943073, -3.190135, 225.8, 412.45
55.943073, -3.190135, SW, 55.942861, -3.190347, 263.6, 498.87
55.942861, -3.190347, SW, 55.942649, -3.190559, 376.2, 581.89
55.942649, -3.190559, NW, 55.942861, -3.190771, 376.2, 580.64
55.942861, -3.190771, WSW, 55.942746, -3.191049, 376.2, 579.39
55.942746, -3.191049, W, 55.942746, -3.191349, 376.2, 578.14
55.942746, -3.191349, N, 55.943046, -3.191349, 376.2, 576.89
55.943046, -3.191349, NNE, 55.943323, -3.191234, 439.6, 631.90
55.943323, -3.191234, WSW, 55.943208, -3.191511, 439.6, 630.65
55.943208, -3.191511, WSW, 55.943094, -3.191788, 439.6, 629.40
55.943094, -3.191788, WSW, 55.942979, -3.192065, 466.3, 725.26
55.942979, -3.192065, N, 55.943279, -3.192065, 466.3, 724.01
55.943279, -3.192065, N, 55.943579, -3.192065, 466.3, 722.76
55.943579, -3.192065, N, 55.943879, -3.192065, 466.3, 721.51
55.943879, -3.192065, NNW, 55.944156, -3.192180, 549.2, 735.07
55.944156, -3.192180, NE, 55.944368, -3.191968, 549.2, 733.82
55.944368, -3.191968, NE, 55.944580, -3.191756, 567.5, 836.04
55.944580, -3.191756, SE, 55.944368, -3.191544, 661.0, 878.19
55.944368, -3.191544, ENE, 55.944483, -3.191266, 714.0, 928.07
55.944483, -3.191266, N, 55.944783, -3.191266, 714.0, 926.82
55.944783, -3.191266, NE, 55.944995, -3.191054, 714.0, 925.57
55.944995, -3.191054, NNE, 55.945272, -3.190940, 714.0, 924.32
55.945272, -3.190940, WNW, 55.945387, -3.191217, 788.5, 940.08
55.945387, -3.191217, WNW, 55.945502, -3.191494, 788.5, 938.83
55.945502, -3.191494, W, 55.945502, -3.191794, 883.4, 1043.38
55.945502, -3.191794, NW, 55.945714, -3.192006, 947.8, 1117.80
55.945714, -3.192006, N, 55.946014, -3.192006, 1040.8, 1118.35
55.946014, -3.192006, S, 55.945714, -3.192006, 1040.8, 1117.10
55.945714, -3.192006, S, 55.945414, -3.192006, 1040.8, 1115.85
55.945414, -3.192006, S, 55.945114, -3.192006, 1040.8, 1114.60
55.945114, -3.192006, SSW, 55.944837, -3.192121, 1107.3, 1133.20
55.944837, -3.192121, ENE, 55.944952, -3.191844, 1107.3, 1131.95
55.944952, -3.191844, ENE, 55.945066, -3.191566, 1107.3, 1130.70
55.945066, -3.191566, ESE, 55.944952, -3.191289, 1107.3, 1129.45
55.944952, -3.191289, ENE, 55.945066, -3.191012, 1107.3, 1128.20
55.945066, -3.191012, NE, 55.945279, -3.190800, 1107.3, 1126.95
55.945279, -3.190800, NE, 55.945491, -3.190588, 1107.3, 1125.70
55.945491, -3.190588, ENE, 55.945606, -3.190311, 1142.9, 1149.14
55.945606, -3.190311, NNE, 55.945883, -3.190196, 1142.9, 1147.89
55.945883, -3.190196, N, 55.946183, -3.190196, 1204.3, 1149.87
55.946183, -3.190196, ESE, 55.946068, -3.189919, 1204.3, 1148.62
55.946068, -3.189919, E, 55.946068, -3.189619, 1272.5, 1250.44
55.946068, -3.189619, ESE, 55.945953, -3.189342, 1272.5, 1249.19
55.945953, -3.189342, ESE, 55.945838, -3.189064, 1272.5, 1247.94
55.945838, -3.189064, ESE, 55.945723, -3.188787, 1272.5, 1246.69
55.945723, -3.188787, SE, 55.945511, -3.188575, 1272.5, 1245.44
55.945511, -3.188575, ESE, 55.945397, -3.188298, 1395.5, 1301.00
55.945397, -3.188298, SSE, 55.945119, -3.188183, 1395.5, 1299.75
55.945119, -3.188183, SE, 55.944907, -3.187971, 1427.2, 1299.01
55.944907, -3.187971, SSE, 55.944630, -3.187856, 1427.2, 1297.76
55.944630, -3.187856, SE, 55.944418, -3.187644, 1469.5, 1325.05
55.944418, -3.187644, ENE, 55.944533, -3.187367, 1469.5, 1323.80
55.944533, -3.187367, ENE, 55.944648, -3.187090, 1492.0, 1423.10
55.944648, -3.187090, S, 55.944348, -3.187090, 1492.0, 1421.85
55.944348, -3.187090, SSE, 55.944070, -3.186975, 1602.7, 1539.25
55.944070, -3.186975, SW, 55.943858, -3.187187, 1602.7, 1538.00
55.943858, -3.187187, WSW, 55.943743, -3.187464, 1697.2, 1645.52
55.943743, -3.187464, WSW, 55.943629, -3.187741, 1697.2, 1644.27
55.943629, -3.187741, WSW, 55.943514, -3.188019, 1798.3, 1699.65
55.943514, -3.188019, ENE, 55.943629, -3.187741, 1798.3, 1698.40
55.943629, -3.187741, NE, 55.943841, -3.187529, 1798.3, 1697.15
55.943841, -3.187529, ENE, 55.943956, -3.187252, 1798.3, 1695.90
55.943956, -3.187252, NE, 55.944168, -3.187040, 1798.3, 1694.65
55.944168, -3.187040, ENE, 55.944283, -3.186763, 1798.3, 1693.40
55.944283, -3.186763, NE, 55.944495, -3.186551, 1855.9, 1804.28
55.944495, -3.186551, S, 55.944195, -3.186551, 1855.9, 1803.03
55.944195, -3.186551, SSE, 55.943917, -3.186436, 1855.9, 1801.78
55.943917, -3.186436, SE, 55.943705, -3.186224, 1940.0, 1812.44
55.943705, -3.186224, ESE, 55.943591, -3.185947, 1940.0, 1811.19
55.943591, -3.185947, SE, 55.943378, -3.185734, 2025.4, 1901.87
55.943378, -3.185734, NNE, 55.943656, -3.185620, 2025.4, 1900.62
55.943656, -3.185620, NE, 55.943868, -3.185408, 2072.1, 1910.61
55.943868, -3.185408, SE, 55.943656, -3.185195, 2072.1, 1909.36
55.943656, -3.185195, SSE, 55.943378, -3.185081, 2144.6, 1912.23
55.943378, -3.185081, NNE, 55.943656, -3.184966, 2144.6, 1910.98
55.943656, -3.184966, N, 55.943956, -3.184966, 2144.6, 1909.73
55.943956, -3.184966, NNE, 55.944233, -3.184851, 2144.6, 1908.48
55.944233, -3.184851, N, 55.944533, -3.184851, 2242.4, 1919.86
55.944533, -3.184851, N, 55.944833, -3.184851, 2242.4, 1918.61
55.944833, -3.184851, N, 55.945133, -3.184851, 2242.4, 1917.36
55.945133, -3.184851, N, 55.945433, -3.184851, 2242.4, 1916.11
55.945433, -3.184851, N, 55.945733, -3.184851, 2242.4, 1914.86
55.945733, -3.184851, NNE, 55.946010, -3.184736, 2258.9, 1941.74
55.946010, -3.184736, W, 55.946010, -3.185036, 2258.9, 1940.49
55.946010, -3.185036, W, 55.946010, -3.185336, 2258.9, 1939.24
55.946010, -3.185336, W, 55.946010, -3.185636, 2258.9, 1937.99
55.946010, -3.185636, WNW, 55.946125, -3.185913, 2263.3, 1965.10
55.946125, -3.185913, WSW, 55.946010, -3.186190, 2263.3, 1963.85
55.946010, -3.186190, SW, 55.945798, -3.186403, 2277.3, 2052.63
55.945798, -3.186403, WSW, 55.945683, -3.186680, 2277.3, 2051.38
55.945683, -3.186680, WSW, 55.945568, -3.186957, 2277.3, 2050.13
55.945568, -3.186957, W, 55.945568, -3.187257, 2277.3, 2048.88
55.945568, -3.187257, WSW, 55.945453, -3.187534, 2277.3, 2047.63
55.945453, -3.187534, SW, 55.945241, -3.187746, 2277.3, 2046.38
55.945241, -3.187746, WSW, 55.945126, -3.188023, 2277.3, 2045.13
55.945126, -3.188023, SW, 55.944914, -3.188236, 2277.3, 2043.88
55.944914, -3.188236, NW, 55.945126, -3.188448, 2277.3, 2042.63
55.945126, -3.188448, WSW, 55.945012, -3.188725, 2277.3, 2041.38
55.945012, -3.188725, WNW, 55.945126, -3.189002, 2277.3, 2040.13
55.945126, -3.189002, W, 55.945126, -3.189302, 2277.3, 2038.88
55.945126, -3.189302, SSW, 55.944849, -3.189417, 2277.3, 2037.63
55.944849, -3.189417, SSW, 55.944572, -3.189532, 2277.3, 2036.38
55.944572, -3.189532, SSW, 55.944295, -3.189646, 2277.3, 2035.13
55.944295, -3.189646, SSW, 55.944018, -3.189761, 2277.3, 2033.88
55.944018, -3.189761, SW, 55.943806, -3.189973, 2301.4, 2107.34
55.943806, -3.189973, E, 55.943806, -3.189673, 2301.4, 2106.09
55.943806, -3.189673, W, 55.943806, -3.189973, 2301.4, 2104.84
55.943806, -3.189973, E, 55.943806, -3.189673, 2301.4, 2103.59
55.943806, -3.189673, W, 55.943806, -3.189973, 2301.4, 2102.34
55.943806, -3.189973, E, 55.943806, -3.189673, 2301.4, 2101.09
55.943806, -3.189673, W, 55.943806, -3.189973, 2301.4, 2099.84
55.943806, -3.189973, E, 55.943806, -3.189673, 2301.4, 2098.59
55.943806, -3.189673, W, 55.943806, -3.189973, 2301.4, 2097.34
55.943806, -3.189973, E, 55.943806, -3.189673, 2301.4, 2096.09
55.943806, -3.189673, W, 55.943806, -3.189973, 2301.4, 2094.84
55.943806, -3.189973, E, 55.943806, -3.189673, 2301.4, 2093.59
55.943806, -3.189673, W, 55.943806, -3.189973, 2301.4, 2092.34
55.943806, -3.189973, E, 55.943806, -3.189673, 2301.4, 2091.09
55.943806, -3.189673, W, 55.943806, -3.189973, 2301.4, 2089.84
55.943806, -3.189973, E, 55.943806, -3.189673, 2301.4, 2088.59
55.943806, -3.189673, W, 55.943806, -3.189973, 2301.4, 2087.34
55.943806, -3.189973, E, 55.943806, -3.189673, 2301.4, 2086.09
55.943806, -3.189673, W, 55.943806, -3.189973, 2301.4, 2084.84
55.943806, -3.189973, E, 55.943806, -3.189673, 2301.4, 2083.59
55.943806, -3.189673, W, 55.943806, -3.189973, 2301.4, 2082.34
55.943806, -3.189973, E, 55.943806, -3.189673, 2301.4, 2081.09
55.943806, -3.189673, W, 55.943806, -3.189973, 2301.4, 2079.84
55.943806, -3.189973, E, 55.943806, -3.189673, 2301.4, 2078.59
55.943806, -3.189673, W, 55.943806, -3.189973, 2301.4, 2077.34
55.943806, -3.189973, E, 55.943806, -3.189673, 2301.4, 2076.09
55.943806, -3.189673, W, 55.943806, -3.189973, 2301.4, 2074.84
55.943806, -3.189973, E, 55.943806, -3.189673, 2301.4, 2073.59
55.943806, -3.189673, W, 55.943806, -3.189973, 2301.4, 2072.34
55.943806, -3.189973, E, 55.943806, -3.189673, 2301.4, 2071.09
55.943806, -3.189673, W, 55.943806, -3.189973, 2301.4, 2069.84
55.943806, -3.189973, E, 55.943806, -3.189673, 2301.4, 2068.59
55.943806, -3.189673, W, 55.943806, -3.189973, 2301.4, 2067.34
55.943806, -3.189973, E, 55.943806, -3.189673, 2301.4, 2066.09
55.943806, -3.189673, W, 55.943806, -3.189973, 2301.4, 2064.84
55.943806, -3.189973, E, 55.943806, -3.189673, 2301.4, 2063.59
55.943806, -3.189673, W, 55.943806, -3.189973, 2301.4, 2062.34
55.943806, -3.189973, E, 55.943806, -3.189673, 2301.4, 2061.09
55.943806, -3.189673, W, 55.943806, -3.189973, 2301.4, 2059.84
55.943806, -3.189973, E, 55.943806, -3.189673, 2301.4, 2058.59
55.943806, -3.189673, W, 55.943806, -3.189973, 2301.4, 2057.34
55.943806, -3.189973, E, 55.943806, -3.189673, 2301.4, 2056.09
55.943806, -3.189673, W, 55.943806, -3.189973, 2301.4, 2054.84
55.943806, -3.189973, E, 55.943806, -3.189673, 2301.4, 2053.59
55.943806, -3.189673, W, 55.943806, -3.189973, 2301.4, 2052.34
55.943806, -3.189973, E, 55.943806, -3.189673, 2301.4, 2051.09
55.943806, -3.189673, W, 55.943806, -3.189973, 2301.4, 2049.84
55.943806, -3.189973, E, 55.943806, -3.189673, 2301.4, 2048.59
55.943806, -3.189673, W, 55.943806, -3.189973, 2301.4, 2047.34
55.943806, -3.189973, E, 55.943806, -3.189673, 2301.4, 2046.09
55.943806, -3.189673, W, 55.943806, -3.189973, 2301.4, 2044.84
55.943806, -3.189973, E, 55.943806, -3.189673, 2301.4, 2043.59
55.943806, -3.189673, W, 55.943806, -3.189973, 2301.4, 2042.34
55.943806, -3.189973, E, 55.943806, -3.189673, 2301.4, 2041.09
55.943806, -3.189673, W, 55.943806, -3.189973, 2301.4, 2039.84
55.943806, -3.189973, E, 55.943806, -3.189673, 2301.4, 2038.59
55.943806, -3.189673, W, 55.943806, -3.189973, 2301.4, 2037.34
55.943806, -3.189973, E, 55.943806, -3.189673, 2301.4, 2036.09
55.943806, -3.189673, W, 55.943806, -3.189973, 2301.4, 2034.84
55.943806, -3.189973, E, 55.943806, -3.189673, 2301.4, 2033.59
55.943806, -3.189673, W, 55.943806, -3.189973, 2301.4, 2032.34
55.943806, -3.189973, E, 55.943806, -3.189673, 2301.4, 2031.09
55.943806, -3.189673, W, 55.943806, -3.189973, 2301.4, 2029.84
55.943806, -3.189973, E, 55.943806, -3.189673, 2301.4, 2028.59
55.943806, -3.189673, W, 55.943806, -3.189973, 2301.4, 2027.34
55.943806, -3.189973, E, 55.943806, -3.189673, 2301.4, 2026.09
55.943806, -3.189673, W, 55.943806, -3.189973, 2301.4, 2024.84
55.943806, -3.189973, E, 55.943806, -3.189673, 2301.4, 2023.59
55.943806, -3.189673, W, 55.943806, -3.189973, 2301.4, 2022.34
55.943806, -3.189973, E, 55.943806, -3.189673, 2301.4, 2021.09
55.943806, -3.189673, W, 55.943806, -3.189973, 2301.4, 2019.84
55.943806, -3.189973, E, 55.943806, -3.189673, 2301.4, 2018.59
55.943806, -3.189673, W, 55.943806, -3.189973, 2301.4, 2017.34
55.943806, -3.189973, E, 55.943806, -3.189673, 2301.4, 2016.09
55.943806, -3.189673, W, 55.943806, -3.189973, 2301.4, 2014.84
55.943806, -3.189973, E, 55.943806, -3.189673, 2301.4, 2013.59
55.943806, -3.189673, W, 55.943806, -3.189973, 2301.4, 2012.34
55.943806, -3.189973, E, 55.943806, -3.189673, 2301.4, 2011.09
55.943806, -3.189673, W, 55.943806, -3.189973, 2301.4, 2009.84
55.943806, -3.189973, E, 55.943806, -3.189673, 2301.4, 2008.59
55.943806, -3.189673, W, 55.943806, -3.189973, 2301.4, 2007.34
55.943806, -3.189973, E, 55.943806, -3.189673, 2301.4, 2006.09
55.943806, -3.189673, W, 55.943806, -3.189973, 2301.4, 2004.84
55.943806, -3.189973, E, 55.943806, -3.189673, 2301.4, 2003.59
55.943806, -3.189673, W, 55.943806, -3.189973, 2301.4, 2002.34
55.943806, -3.189973, E, 55.943806, -3.189673, 2301.4, 2001.09
55.943806, -3.189673, W, 55.943806, -3.189973, 2301.4, 1999.84
55.943806, -3.189973, E, 55.943806, -3.189673, 2301.4, 1998.59
55.943806, -3.189673, W, 55.943806, -3.189973, 2301.4, 1997.34
55.943806, -3.189973, E, 55.943806, -3.189673, 2301.4, 1996.09
55.943806, -3.189673, W, 55.943806, -3.189973, 2301.4, 1994.84
55.943806, -3.189973, E, 55.943806, -3.189673, 2301.4, 1993.59
55.943806, -3.189673, W, 55.943806, -3.189973, 2301.4, 1992.34
55.943806, -3.189973, E, 55.943806, -3.189673, 2301.4, 1991.09
55.943806, -3.189673, W, 55.943806, -3.189973, 2301.4, 1989.84
55.943806, -3.189973, E, 55.943806, -3.189673, 2301.4, 1988.59
55.943806, -3.189673, W, 55.943806, -3.189973, 2301.4, 1987.34
55.943806, -3.189973, E, 55.943806, -3.189673, 2301.4, 1986.09
55.943806, -3.189673, W, 55.943806, -3.189973, 2301.4, 1984.84
55.943806, -3.189973, E, 55.943806, -3.189673, 2301.4, 1983.59
55.943806, -3.189673, W, 55.943806, -3.189973, 2301.4, 1982.34
55.943806, -3.189973, E, 55.943806, -3.189673, 2301.4, 1981.09
55.943806, -3.189673, W, 55.943806, -3.189973, 2301.4, 1979.84
55.943806, -3.189973, E, 55.943806, -3.189673, 2301.4, 1978.59
55.943806, -3.189673, W, 55.943806, -3.189973, 2301.4, 1977.34
55.943806, -3.189973, E, 55.943806, -3.189673, 2301.4, 1976.09
55.943806, -3.189673, W, 55.943806, -3.189973, 2301.4, 1974.84
55.943806, -3.189973, E, 55.943806, -3.189673, 2301.4, 1973.59
55.943806, -3.189673, W, 55.943806, -3.189973, 2301.4, 1972.34
55.943806, -3.189973, E, 55.943806, -3.189673, 2301.4, 1971.09
55.943806, -3.189673, W, 55.943806, -3.189973, 2301.4, 1969.84
55.943806, -3.189973, E, 55.943806, -3.189673, 2301.4, 1968.59
55.943806, -3.189673, W, 55.943806, -3.189973, 2301.4, 1967.34
55.943806, -3.189973, E, 55.943806, -3.189673, 2301.4, 1966.09
55.943806, -3.189673, W, 55.943806, -3.189973, 2301.4, 1964.84
55.943806, -3.189973, E, 55.943806, -3.189673, 2301.4, 1963.59
55.943806, -3.189673, W, 55.943806, -3.189973, 2301.4, 1962.34
55.943806, -3.189973, E, 55.943806, -3.189673, 2301.4, 1961.09
55.943806, -3.189673, W, 55.943806, -3.189973, 2301.4, 1959.84
55.943806, -3.189973, E, 55.943806, -3.189673, 2301.4, 1958.59
55.943806, -3.189673, W, 55.943806, -3.189973, 2301.4, 1957.34
55.943806, -3.189973, E, 55.943806, -3.189673, 2301.4, 1956.09
55.943806, -3.189673, W, 55.943806, -3.189973, 2301.4, 1954.84
55.943806, -3.189973, E, 55.943806, -3.189673, 2301.4, 1953.59
55.943806, -3.189673, W, 55.943806, -3.189973, 2301.4, 1952.34
55.943806, -3.189973, E, 55.943806, -3.189673, 2301.4, 1951.09
55.943806, -3.189673, W, 55.943806, -3.189973, 2301.4, 1949.84
55.943806, -3.189973, E, 55.943806, -3.189673, 2301.4, 1948.59
55.943806, -3.189673, W, 55.943806, -3.189973, 2301.4, 1947.34
55.943806, -3.189973, E, 55.943806, -3.189673, 2301.4, 1946.09
55.943806, -3.189673, W, 55.943806, -3.189973, 2301.4, 1944.84
55.943806, -3.189973, E, 55.943806, -3.189673, 2301.4, 1943.59
55.943806, -3.189673, W, 55.943806, -3.189973, 2301.4, 1942.34
55.943806, -3.189973, E, 55.943806, -3.189673, 2301.4, 1941.09
55.943806, -3.189673, W, 55.943806, -3.189973, 2301.4, 1939.84
55.943806, -3.189973, E, 55.943806, -3.189673, 2301.4, 1938.59
55.943806, -3.189673, W, 55.943806, -3.189973, 2301.4, 1937.34
55.943806, -3.189973, E, 55.943806, -3.189673, 2301.4, 1936.09
55.943806, -3.189673, W, 55.943806, -3.189973, 2301.4, 1934.84
55.943806, -3.189973, E, 55.943806, -3.189673, 2301.4, 1933.59
55.943806, -3.189673, W, 55.943806, -3.189973, 2301.4, 1932.34

